IVE	1376659800	price	78.44
IVE	1376659800	bid	78.35
IVE	1376659800	ask	78.4
IVE	1376659807	price	78.35
IVE	1376659820	ask	78.39
IVE	1376659823	price	78.354
IVE	1376659823	bid	78.3
IVE	1376659823	ask	78.38
IVE	1376659879	price	78.4
IVE	1376659879	bid	78.35
IVE	1376659879	ask	78.42
IVE	1376659883	price	78.3578
IVE	1376659883	ask	78.41
IVE	1376659948	price	78.38
IVE	1376659948	ask	78.38
IVE	1376660003	price	78.3699
IVE	1376660003	ask	78.37
IVE	1376660003	price	78.37
IVE	1376660103	price	78.3245
IVE	1376660103	bid	78.32
IVE	1376660103	ask	78.35
IVE	1376660104	price	78.34
IVE	1376660104	bid	78.34
IVE	1376660104	ask	78.36
IVE	1376660104	price	78.35
IVE	1376660104	price	78.34
IVE	1376660105	bid	78.31
IVE	1376660122	price	78.32
IVE	1376660122	bid	78.3
IVE	1376660122	ask	78.33
IVE	1376660124	price	78.3
IVE	1376660124	bid	78.27
IVE	1376660124	ask	78.32
IVE	1376660297	price	78.38
IVE	1376660297	bid	78.37
IVE	1376660297	ask	78.38
IVE	1376660297	bid	78.38
IVE	1376660297	ask	78.4
IVE	1376660369	price	78.3975
IVE	1376660369	price	78.4
IVE	1376660369	bid	78.39
IVE	1376660378	price	78.42
IVE	1376660378	bid	78.42
IVE	1376660378	ask	78.44
IVE	1376660378	bid	78.4
IVE	1376660378	ask	78.43
IVE	1376660533	bid	78.42
IVE	1376660533	ask	78.45
IVE	1376660533	price	78.4201
IVE	1376660579	price	78.4
IVE	1376660579	bid	78.39
IVE	1376660579	ask	78.4
IVE	1376660615	price	78.38
IVE	1376660615	bid	78.38
IVE	1376660684	price	78.384
IVE	1376660689	price	78.385
IVE	1376660689	bid	78.37
IVE	1376660689	ask	78.39
IVE	1376660726	price	78.3701
IVE	1376660728	price	78.37
IVE	1376660728	bid	78.36
IVE	1376660728	ask	78.38
IVE	1376660751	price	78.3701
IVE	1376660751	bid	78.37
IVE	1376660751	ask	78.4
IVE	1376660771	price	78.42
IVE	1376660771	bid	78.42
IVE	1376660771	ask	78.43
IVE	1376660810	price	78.437
IVE	1376660810	bid	78.43
IVE	1376660810	ask	78.45
IVE	1376660814	price	78.41
IVE	1376660814	bid	78.41
IVE	1376660814	ask	78.43
IVE	1376660824	price	78.42
IVE	1376660824	bid	78.42
IVE	1376660824	ask	78.44
IVE	1376660837	price	78.4301
IVE	1376660837	bid	78.43
IVE	1376660837	ask	78.45
IVE	1376660837	price	78.4454
IVE	1376660838	price	78.43
IVE	1376660851	price	78.45
IVE	1376660851	bid	78.45
IVE	1376660865	price	78.46
IVE	1376660865	bid	78.46
IVE	1376660865	ask	78.47
IVE	1376660973	price	78.4874
IVE	1376660973	bid	78.47
IVE	1376660973	ask	78.49
IVE	1376661012	price	78.4887
IVE	1376661012	bid	78.48
IVE	1376661013	price	78.49
IVE	1376661013	bid	78.49
IVE	1376661013	ask	78.5
IVE	1376661014	bid	78.48
IVE	1376661080	bid	78.49
IVE	1376661080	ask	78.51
IVE	1376661080	bid	78.48
IVE	1376661080	ask	78.49
IVE	1376661097	price	78.4799
IVE	1376661097	bid	78.46
IVE	1376661097	ask	78.48
IVE	1376661151	price	78.49
IVE	1376661151	bid	78.49
IVE	1376661151	ask	78.5
IVE	1376661300	ask	78.51
IVE	1376661313	price	78.47
IVE	1376661313	bid	78.45
IVE	1376661313	ask	78.49
IVE	1376661336	price	78.4752
IVE	1376661336	bid	78.47
IVE	1376661336	ask	78.51
IVE	1376661345	price	78.46
IVE	1376661345	bid	78.45
IVE	1376661345	ask	78.47
IVE	1376661376	price	78.4352
IVE	1376661376	bid	78.43
IVE	1376661406	price	78.4548
IVE	1376661406	ask	78.46
IVE	1376661514	price	78.41
IVE	1376661514	bid	78.41
IVE	1376661514	ask	78.43
IVE	1376661558	price	78.44
IVE	1376661558	bid	78.43
IVE	1376661558	ask	78.45
IVE	1376661588	price	78.49
IVE	1376661588	bid	78.48
IVE	1376661588	ask	78.49
IVE	1376661595	price	78.47
IVE	1376661595	bid	78.47
IVE	1376661595	ask	78.5
IVE	1376661597	price	78.48
IVE	1376661597	ask	78.49
IVE	1376661607	price	78.47
IVE	1376661607	bid	78.46
IVE	1376661607	ask	78.48
IVE	1376661613	bid	78.45
IVE	1376661613	ask	78.47
IVE	1376661631	price	78.44
IVE	1376661631	bid	78.43
IVE	1376661631	ask	78.45
IVE	1376661638	price	78.43
IVE	1376661638	ask	78.44
IVE	1376661640	price	78.44
IVE	1376661640	bid	78.44
IVE	1376661640	ask	78.45
IVE	1376661640	bid	78.43
IVE	1376661640	ask	78.44
IVE	1376661644	price	78.43
IVE	1376661644	bid	78.42
IVE	1376661644	ask	78.43
IVE	1376661650	price	78.39
IVE	1376661650	bid	78.39
IVE	1376661650	ask	78.4
IVE	1376661650	bid	78.38
IVE	1376661650	ask	78.39
IVE	1376661652	price	78.38
IVE	1376661670	price	78.43
IVE	1376661670	bid	78.42
IVE	1376661670	ask	78.44
IVE	1376661694	ask	78.43
IVE	1376661706	price	78.44
IVE	1376661706	ask	78.45
IVE	1376661726	price	78.46
IVE	1376661726	bid	78.45
IVE	1376661726	ask	78.46
IVE	1376661770	price	78.48
IVE	1376661770	bid	78.48
IVE	1376661770	ask	78.5
IVE	1376661796	price	78.52
IVE	1376661796	bid	78.52
IVE	1376661796	ask	78.53
IVE	1376661802	price	78.504
IVE	1376661802	bid	78.5
IVE	1376661802	ask	78.52
IVE	1376661848	price	78.51
IVE	1376661848	ask	78.51
IVE	1376661855	price	78.5086
IVE	1376661855	bid	78.49
IVE	1376661859	price	78.51
IVE	1376661859	bid	78.5
IVE	1376661859	ask	78.52
IVE	1376661890	price	78.53
IVE	1376661890	bid	78.53
IVE	1376661890	ask	78.54
IVE	1376661891	price	78.51
IVE	1376661891	bid	78.51
IVE	1376661891	ask	78.53
IVE	1376661930	price	78.58
IVE	1376661930	bid	78.58
IVE	1376661930	ask	78.59
IVE	1376661947	price	78.589
IVE	1376661947	price	78.58
IVE	1376661947	bid	78.57
IVE	1376661962	price	78.59
IVE	1376661962	bid	78.59
IVE	1376661962	ask	78.6
IVE	1376661976	price	78.58
IVE	1376661976	bid	78.57
IVE	1376661976	ask	78.58
IVE	1376661993	bid	78.58
IVE	1376661993	ask	78.59
IVE	1376662010	ask	78.58
IVE	1376662018	price	78.57
IVE	1376662018	bid	78.56
IVE	1376662018	ask	78.57
IVE	1376662022	price	78.58
IVE	1376662022	bid	78.58
IVE	1376662022	ask	78.59
IVE	1376662023	bid	78.57
IVE	1376662023	ask	78.58
IVE	1376662045	price	78.582
IVE	1376662045	bid	78.58
IVE	1376662045	ask	78.59
IVE	1376662049	price	78.5961
IVE	1376662049	ask	78.6
IVE	1376662055	price	78.58
IVE	1376662055	bid	78.57
IVE	1376662055	ask	78.58
IVE	1376662065	price	78.55
IVE	1376662065	bid	78.54
IVE	1376662065	ask	78.56
IVE	1376662066	price	78.56
IVE	1376662066	bid	78.55
IVE	1376662075	price	78.5628
IVE	1376662075	ask	78.57
IVE	1376662092	price	78.54
IVE	1376662092	bid	78.54
IVE	1376662092	ask	78.55
IVE	1376662114	price	78.5557
IVE	1376662114	ask	78.56
IVE	1376662128	price	78.57
IVE	1376662128	bid	78.57
IVE	1376662128	ask	78.57
IVE	1376662135	bid	78.55
IVE	1376662135	ask	78.56
IVE	1376662141	price	78.55
IVE	1376662158	price	78.5301
IVE	1376662158	bid	78.53
IVE	1376662158	ask	78.55
IVE	1376662173	price	78.55
IVE	1376662173	bid	78.54
IVE	1376662174	price	78.5499
IVE	1376662174	bid	78.53
IVE	1376662174	price	78.55
IVE	1376662220	price	78.5187
IVE	1376662220	bid	78.5
IVE	1376662220	ask	78.52
IVE	1376662227	price	78.51
IVE	1376662227	bid	78.51
IVE	1376662238	price	78.5066
IVE	1376662238	bid	78.5
IVE	1376662255	price	78.52
IVE	1376662255	bid	78.52
IVE	1376662255	ask	78.53
IVE	1376662255	price	78.53
IVE	1376662255	ask	78.54
IVE	1376662275	price	78.54
IVE	1376662275	bid	78.53
IVE	1376662286	price	78.56
IVE	1376662286	bid	78.56
IVE	1376662286	ask	78.56
IVE	1376662286	ask	78.57
IVE	1376662311	bid	78.55
IVE	1376662311	ask	78.56
IVE	1376662320	price	78.55
IVE	1376662320	bid	78.54
IVE	1376662320	ask	78.55
IVE	1376662320	bid	78.53
IVE	1376662326	price	78.537
IVE	1376662338	price	78.54
IVE	1376662338	bid	78.54
IVE	1376662338	ask	78.56
IVE	1376662345	price	78.56
IVE	1376662345	ask	78.55
IVE	1376662345	price	78.559
IVE	1376662345	price	78.56
IVE	1376662351	bid	78.56
IVE	1376662351	ask	78.57
IVE	1376662354	price	78.568
IVE	1376662354	bid	78.55
IVE	1376662354	ask	78.56
IVE	1376662360	price	78.55
IVE	1376662360	bid	78.54
IVE	1376662360	ask	78.55
IVE	1376662373	price	78.5598
IVE	1376662373	bid	78.55
IVE	1376662373	ask	78.56
IVE	1376662373	price	78.56
IVE	1376662373	price	78.5599
IVE	1376662382	price	78.56
IVE	1376662382	bid	78.56
IVE	1376662382	ask	78.57
IVE	1376662391	bid	78.55
IVE	1376662391	ask	78.56
IVE	1376662403	price	78.55
IVE	1376662415	bid	78.54
IVE	1376662415	ask	78.55
IVE	1376662417	price	78.54
IVE	1376662424	price	78.5401
IVE	1376662424	price	78.54
IVE	1376662442	bid	78.53
IVE	1376662442	ask	78.54
IVE	1376662443	price	78.53
IVE	1376662461	price	78.51
IVE	1376662461	bid	78.5
IVE	1376662461	ask	78.51
IVE	1376662474	bid	78.51
IVE	1376662474	ask	78.52
IVE	1376662477	price	78.512
IVE	1376662485	price	78.5199
IVE	1376662497	price	78.5074
IVE	1376662497	bid	78.49
IVE	1376662497	ask	78.51
IVE	1376662501	price	78.5
IVE	1376662501	ask	78.5
IVE	1376662509	bid	78.5
IVE	1376662509	ask	78.51
IVE	1376662511	bid	78.49
IVE	1376662511	ask	78.5
IVE	1376662527	price	78.4851
IVE	1376662527	bid	78.48
IVE	1376662534	price	78.4687
IVE	1376662534	bid	78.46
IVE	1376662534	ask	78.47
IVE	1376662559	price	78.47
IVE	1376662585	bid	78.47
IVE	1376662585	ask	78.48
IVE	1376662647	price	78.4798
IVE	1376662647	ask	78.49
IVE	1376662664	price	78.45
IVE	1376662664	bid	78.44
IVE	1376662664	ask	78.45
IVE	1376662682	price	78.44
IVE	1376662682	bid	78.43
IVE	1376662682	ask	78.44
IVE	1376662702	bid	78.44
IVE	1376662702	ask	78.45
IVE	1376662728	price	78.4499
IVE	1376662728	price	78.45
IVE	1376662728	price	78.4499
IVE	1376662728	price	78.45
IVE	1376662733	price	78.459
IVE	1376662733	bid	78.45
IVE	1376662733	ask	78.46
IVE	1376662733	price	78.458
IVE	1376662759	price	78.46
IVE	1376662799	price	78.45
IVE	1376662799	bid	78.44
IVE	1376662799	ask	78.45
IVE	1376662809	bid	78.45
IVE	1376662809	ask	78.46
IVE	1376662818	price	78.44
IVE	1376662818	bid	78.43
IVE	1376662818	ask	78.44
IVE	1376662837	price	78.4
IVE	1376662837	bid	78.39
IVE	1376662837	ask	78.41
IVE	1376662860	ask	78.4
IVE	1376662887	price	78.41
IVE	1376662887	bid	78.4
IVE	1376662887	ask	78.41
IVE	1376662891	price	78.4099
IVE	1376662893	price	78.4037
IVE	1376662957	price	78.39
IVE	1376662957	bid	78.38
IVE	1376662957	ask	78.39
IVE	1376662973	price	78.4
IVE	1376662973	bid	78.4
IVE	1376662973	ask	78.41
IVE	1376663007	price	78.41
IVE	1376663010	price	78.3925
IVE	1376663010	bid	78.39
IVE	1376663010	ask	78.4
IVE	1376663016	price	78.3931
IVE	1376663016	ask	78.41
IVE	1376663075	price	78.39
IVE	1376663075	ask	78.4
IVE	1376663141	price	78.3682
IVE	1376663141	bid	78.36
IVE	1376663141	ask	78.38
IVE	1376663165	price	78.39
IVE	1376663165	bid	78.39
IVE	1376663165	ask	78.4
IVE	1376663171	price	78.4
IVE	1376663182	price	78.39
IVE	1376663185	price	78.4
IVE	1376663185	bid	78.4
IVE	1376663185	ask	78.41
IVE	1376663205	price	78.42
IVE	1376663205	bid	78.41
IVE	1376663205	ask	78.42
IVE	1376663212	price	78.4316
IVE	1376663212	bid	78.43
IVE	1376663212	ask	78.44
IVE	1376663235	price	78.45
IVE	1376663235	bid	78.44
IVE	1376663235	ask	78.45
IVE	1376663236	price	78.44
IVE	1376663236	bid	78.43
IVE	1376663236	ask	78.44
IVE	1376663294	price	78.446
IVE	1376663294	ask	78.45
IVE	1376663336	price	78.45
IVE	1376663336	bid	78.45
IVE	1376663336	ask	78.47
IVE	1376663366	price	78.46
IVE	1376663366	ask	78.46
IVE	1376663367	bid	78.46
IVE	1376663367	ask	78.48
IVE	1376663395	price	78.477
IVE	1376663395	bid	78.47
IVE	1376663395	ask	78.49
IVE	1376663405	price	78.46
IVE	1376663405	bid	78.45
IVE	1376663405	ask	78.47
IVE	1376663407	ask	78.46
IVE	1376663454	price	78.42
IVE	1376663454	bid	78.41
IVE	1376663454	ask	78.42
IVE	1376663476	bid	78.42
IVE	1376663476	ask	78.43
IVE	1376663523	price	78.43
IVE	1376663532	price	78.44
IVE	1376663532	bid	78.44
IVE	1376663532	ask	78.45
IVE	1376663533	bid	78.43
IVE	1376663533	ask	78.44
IVE	1376663547	price	78.45
IVE	1376663547	bid	78.45
IVE	1376663547	ask	78.46
IVE	1376663549	price	78.46
IVE	1376663549	bid	78.46
IVE	1376663553	price	78.45
IVE	1376663553	bid	78.44
IVE	1376663553	ask	78.45
IVE	1376663562	bid	78.45
IVE	1376663562	ask	78.46
IVE	1376663579	price	78.46
IVE	1376663579	bid	78.46
IVE	1376663579	price	78.47
IVE	1376663579	ask	78.47
IVE	1376663590	bid	78.47
IVE	1376663590	ask	78.48
IVE	1376663592	price	78.4601
IVE	1376663592	bid	78.46
IVE	1376663597	price	78.47
IVE	1376663597	bid	78.47
IVE	1376663597	bid	78.46
IVE	1376663597	ask	78.47
IVE	1376663602	price	78.4787
IVE	1376663602	bid	78.47
IVE	1376663602	ask	78.48
IVE	1376663606	price	78.48
IVE	1376663606	bid	78.48
IVE	1376663606	ask	78.49
IVE	1376663613	price	78.49
IVE	1376663613	ask	78.5
IVE	1376663620	bid	78.49
IVE	1376663621	bid	78.48
IVE	1376663634	ask	78.49
IVE	1376663672	price	78.48
IVE	1376663708	price	78.51
IVE	1376663708	bid	78.51
IVE	1376663708	ask	78.52
IVE	1376663720	price	78.53
IVE	1376663720	bid	78.52
IVE	1376663720	ask	78.53
IVE	1376663750	bid	78.53
IVE	1376663750	ask	78.54
IVE	1376663777	price	78.5518
IVE	1376663777	bid	78.54
IVE	1376663777	ask	78.56
IVE	1376663801	price	78.5599
IVE	1376663801	bid	78.55
IVE	1376663806	price	78.55
IVE	1376663806	bid	78.54
IVE	1376663806	ask	78.55
IVE	1376663808	bid	78.55
IVE	1376663808	ask	78.56
IVE	1376663816	price	78.54
IVE	1376663816	bid	78.53
IVE	1376663816	ask	78.54
IVE	1376663817	price	78.53
IVE	1376663817	bid	78.52
IVE	1376663817	ask	78.53
IVE	1376663824	price	78.52
IVE	1376663846	price	78.53
IVE	1376663846	bid	78.53
IVE	1376663846	ask	78.54
IVE	1376663879	price	78.56
IVE	1376663879	bid	78.55
IVE	1376663879	ask	78.56
IVE	1376663879	price	78.55
IVE	1376663898	price	78.5574
IVE	1376663898	bid	78.54
IVE	1376663918	price	78.56
IVE	1376663918	bid	78.55
IVE	1376663973	bid	78.56
IVE	1376663973	ask	78.57
IVE	1376663979	price	78.57
IVE	1376663979	bid	78.57
IVE	1376663979	ask	78.58
IVE	1376663990	price	78.58
IVE	1376663990	bid	78.58
IVE	1376663990	ask	78.59
IVE	1376663990	bid	78.57
IVE	1376663990	ask	78.58
IVE	1376663991	bid	78.56
IVE	1376663993	bid	78.57
IVE	1376663994	price	78.57
IVE	1376663994	bid	78.56
IVE	1376663994	ask	78.57
IVE	1376664026	price	78.54
IVE	1376664026	bid	78.54
IVE	1376664026	ask	78.54
IVE	1376664065	price	78.55
IVE	1376664065	bid	78.55
IVE	1376664065	ask	78.56
IVE	1376664080	bid	78.54
IVE	1376664080	ask	78.55
IVE	1376664112	bid	78.55
IVE	1376664112	ask	78.56
IVE	1376664112	bid	78.54
IVE	1376664112	ask	78.55
IVE	1376664136	price	78.54
IVE	1376664136	ask	78.56
IVE	1376664151	price	78.5499
IVE	1376664151	ask	78.55
IVE	1376664151	price	78.54
IVE	1376664151	bid	78.53
IVE	1376664151	ask	78.54
IVE	1376664153	price	78.548
IVE	1376664153	ask	78.55
IVE	1376664164	price	78.52
IVE	1376664164	bid	78.52
IVE	1376664164	ask	78.53
IVE	1376664176	price	78.51
IVE	1376664176	bid	78.5
IVE	1376664176	ask	78.51
IVE	1376664180	bid	78.51
IVE	1376664180	ask	78.52
IVE	1376664250	price	78.52
IVE	1376664250	bid	78.52
IVE	1376664250	ask	78.53
IVE	1376664261	price	78.54
IVE	1376664261	bid	78.53
IVE	1376664261	ask	78.54
IVE	1376664300	price	78.52
IVE	1376664300	bid	78.51
IVE	1376664300	ask	78.52
IVE	1376664305	price	78.53
IVE	1376664305	bid	78.52
IVE	1376664305	ask	78.53
IVE	1376664310	price	78.5351
IVE	1376664310	bid	78.53
IVE	1376664310	ask	78.54
IVE	1376664316	price	78.54
IVE	1376664316	bid	78.54
IVE	1376664316	ask	78.55
IVE	1376664316	bid	78.53
IVE	1376664316	ask	78.54
IVE	1376664326	price	78.53
IVE	1376664326	bid	78.52
IVE	1376664326	ask	78.53
IVE	1376664423	bid	78.53
IVE	1376664423	ask	78.54
IVE	1376664471	price	78.55
IVE	1376664471	bid	78.54
IVE	1376664471	ask	78.55
IVE	1376664512	price	78.569
IVE	1376664512	bid	78.56
IVE	1376664512	ask	78.57
IVE	1376664515	price	78.57
IVE	1376664515	bid	78.57
IVE	1376664515	ask	78.58
IVE	1376664548	price	78.59
IVE	1376664548	bid	78.58
IVE	1376664548	ask	78.6
IVE	1376664570	price	78.6
IVE	1376664570	bid	78.59
IVE	1376664570	bid	78.6
IVE	1376664570	ask	78.62
IVE	1376664570	price	78.61
IVE	1376664570	ask	78.61
IVE	1376664576	price	78.6
IVE	1376664595	price	78.61
IVE	1376664595	price	78.6051
IVE	1376664618	price	78.61
IVE	1376664627	price	78.6
IVE	1376664627	bid	78.59
IVE	1376664627	ask	78.6
IVE	1376664635	bid	78.6
IVE	1376664635	ask	78.61
IVE	1376664664	price	78.6099
IVE	1376664664	bid	78.59
IVE	1376664700	price	78.62
IVE	1376664700	bid	78.61
IVE	1376664700	ask	78.62
IVE	1376664712	bid	78.6
IVE	1376664719	bid	78.62
IVE	1376664719	ask	78.63
IVE	1376664719	price	78.63
IVE	1376664724	price	78.62
IVE	1376664724	bid	78.61
IVE	1376664724	ask	78.62
IVE	1376664742	price	78.6
IVE	1376664742	bid	78.6
IVE	1376664742	ask	78.61
IVE	1376664764	price	78.61
IVE	1376664775	price	78.5912
IVE	1376664775	bid	78.59
IVE	1376664786	price	78.6067
IVE	1376664786	bid	78.6
IVE	1376664786	price	78.6
IVE	1376664786	bid	78.59
IVE	1376664786	ask	78.6
IVE	1376664795	price	78.58
IVE	1376664795	bid	78.57
IVE	1376664795	ask	78.59
IVE	1376664841	price	78.6199
IVE	1376664841	bid	78.6
IVE	1376664841	ask	78.62
IVE	1376664898	price	78.62
IVE	1376664898	bid	78.61
IVE	1376664908	price	78.6199
IVE	1376664911	price	78.62
IVE	1376664915	price	78.61
IVE	1376664915	bid	78.6
IVE	1376664940	price	78.62
IVE	1376664940	bid	78.61
IVE	1376664942	price	78.61
IVE	1376664942	bid	78.6
IVE	1376664942	ask	78.61
IVE	1376664958	price	78.62
IVE	1376664958	bid	78.61
IVE	1376664958	ask	78.62
IVE	1376664964	price	78.61
IVE	1376664964	bid	78.6
IVE	1376664964	ask	78.61
IVE	1376665058	price	78.6
IVE	1376665058	bid	78.59
IVE	1376665065	price	78.59
IVE	1376665065	bid	78.58
IVE	1376665065	ask	78.59
IVE	1376665072	price	78.5849
IVE	1376665072	bid	78.57
IVE	1376665084	price	78.59
IVE	1376665084	bid	78.58
IVE	1376665102	price	78.6
IVE	1376665102	bid	78.59
IVE	1376665102	ask	78.6
IVE	1376665133	price	78.59
IVE	1376665133	bid	78.58
IVE	1376665133	ask	78.59
IVE	1376665133	price	78.58
IVE	1376665158	price	78.59
IVE	1376665164	price	78.58
IVE	1376665164	bid	78.57
IVE	1376665164	ask	78.58
IVE	1376665190	bid	78.58
IVE	1376665190	ask	78.59
IVE	1376665202	price	78.5899
IVE	1376665214	price	78.58
IVE	1376665214	bid	78.57
IVE	1376665214	ask	78.58
IVE	1376665219	price	78.59
IVE	1376665219	bid	78.58
IVE	1376665219	ask	78.59
IVE	1376665227	price	78.5807
IVE	1376665236	price	78.58
IVE	1376665236	bid	78.57
IVE	1376665236	ask	78.58
IVE	1376665301	price	78.57
IVE	1376665301	bid	78.56
IVE	1376665301	ask	78.57
IVE	1376665344	price	78.5699
IVE	1376665376	price	78.58
IVE	1376665376	bid	78.57
IVE	1376665376	ask	78.58
IVE	1376665401	price	78.6
IVE	1376665401	bid	78.59
IVE	1376665401	ask	78.6
IVE	1376665412	price	78.61
IVE	1376665412	bid	78.6
IVE	1376665412	ask	78.61
IVE	1376665437	bid	78.61
IVE	1376665437	ask	78.62
IVE	1376665491	bid	78.6
IVE	1376665491	ask	78.61
IVE	1376665514	price	78.6038
IVE	1376665533	price	78.616
IVE	1376665533	ask	78.62
IVE	1376665574	price	78.6
IVE	1376665574	bid	78.59
IVE	1376665574	ask	78.6
IVE	1376665575	price	78.59
IVE	1376665575	bid	78.58
IVE	1376665575	ask	78.59
IVE	1376665598	price	78.57
IVE	1376665598	bid	78.56
IVE	1376665598	ask	78.57
IVE	1376665602	price	78.56
IVE	1376665606	price	78.5698
IVE	1376665622	price	78.57
IVE	1376665622	bid	78.57
IVE	1376665622	ask	78.58
IVE	1376665622	bid	78.56
IVE	1376665622	ask	78.57
IVE	1376665632	price	78.56
IVE	1376665632	bid	78.55
IVE	1376665632	ask	78.56
IVE	1376665653	price	78.55
IVE	1376665653	price	78.56
IVE	1376665680	price	78.551
IVE	1376665680	ask	78.57
IVE	1376665683	price	78.56
IVE	1376665683	bid	78.56
IVE	1376665690	price	78.55
IVE	1376665690	bid	78.54
IVE	1376665690	ask	78.55
IVE	1376665690	bid	78.55
IVE	1376665690	ask	78.56
IVE	1376665750	price	78.54
IVE	1376665750	bid	78.54
IVE	1376665760	price	78.53
IVE	1376665760	bid	78.52
IVE	1376665760	ask	78.54
IVE	1376665766	price	78.52
IVE	1376665772	ask	78.53
IVE	1376665783	bid	78.51
IVE	1376665783	ask	78.52
IVE	1376665790	price	78.5
IVE	1376665790	bid	78.5
IVE	1376665790	ask	78.51
IVE	1376665794	price	78.49
IVE	1376665794	bid	78.49
IVE	1376665804	ask	78.5
IVE	1376665805	price	78.5
IVE	1376665805	bid	78.5
IVE	1376665805	ask	78.51
IVE	1376665847	price	78.5071
IVE	1376665862	price	78.52
IVE	1376665862	bid	78.51
IVE	1376665862	ask	78.52
IVE	1376665868	price	78.53
IVE	1376665868	bid	78.52
IVE	1376665868	ask	78.54
IVE	1376665873	ask	78.53
IVE	1376665886	bid	78.53
IVE	1376665886	ask	78.54
IVE	1376665900	price	78.51
IVE	1376665900	bid	78.5
IVE	1376665900	ask	78.52
IVE	1376665938	price	78.52
IVE	1376665938	bid	78.51
IVE	1376665964	bid	78.52
IVE	1376665964	ask	78.53
IVE	1376665980	price	78.51
IVE	1376665980	bid	78.51
IVE	1376665980	ask	78.52
IVE	1376666005	price	78.5
IVE	1376666005	bid	78.5
IVE	1376666005	ask	78.51
IVE	1376666008	price	78.499
IVE	1376666017	price	78.51
IVE	1376666017	bid	78.51
IVE	1376666017	ask	78.52
IVE	1376666037	price	78.504
IVE	1376666038	price	78.5
IVE	1376666085	bid	78.49
IVE	1376666085	ask	78.5
IVE	1376666133	price	78.4987
IVE	1376666163	price	78.51
IVE	1376666163	bid	78.5
IVE	1376666163	ask	78.51
IVE	1376666214	price	78.52
IVE	1376666214	bid	78.51
IVE	1376666214	ask	78.52
IVE	1376666225	price	78.51
IVE	1376666225	bid	78.5
IVE	1376666225	ask	78.51
IVE	1376666227	price	78.52
IVE	1376666227	bid	78.51
IVE	1376666227	ask	78.52
IVE	1376666231	bid	78.52
IVE	1376666231	ask	78.53
IVE	1376666233	bid	78.51
IVE	1376666233	ask	78.52
IVE	1376666253	price	78.51
IVE	1376666283	price	78.49
IVE	1376666283	bid	78.49
IVE	1376666283	ask	78.51
IVE	1376666288	price	78.52
IVE	1376666288	bid	78.52
IVE	1376666288	ask	78.53
IVE	1376666302	price	78.546
IVE	1376666302	bid	78.54
IVE	1376666302	ask	78.55
IVE	1376666309	price	78.55
IVE	1376666309	bid	78.55
IVE	1376666309	ask	78.56
IVE	1376666309	price	78.5573
IVE	1376666309	price	78.55
IVE	1376666309	bid	78.54
IVE	1376666309	ask	78.55
IVE	1376666323	price	78.56
IVE	1376666323	bid	78.55
IVE	1376666323	ask	78.57
IVE	1376666328	ask	78.56
IVE	1376666380	price	78.51
IVE	1376666380	bid	78.5
IVE	1376666380	ask	78.51
IVE	1376666380	bid	78.51
IVE	1376666380	ask	78.52
IVE	1376666454	price	78.4951
IVE	1376666454	bid	78.49
IVE	1376666454	ask	78.5
IVE	1376666500	price	78.49
IVE	1376666500	bid	78.48
IVE	1376666500	ask	78.49
IVE	1376666532	bid	78.49
IVE	1376666532	ask	78.5
IVE	1376666614	bid	78.48
IVE	1376666614	ask	78.49
IVE	1376666636	ask	78.5
IVE	1376666655	ask	78.49
IVE	1376666656	bid	78.49
IVE	1376666656	ask	78.5
IVE	1376666663	price	78.4974
IVE	1376666663	bid	78.48
IVE	1376666685	price	78.48
IVE	1376666685	bid	78.47
IVE	1376666685	ask	78.48
IVE	1376666717	price	78.46
IVE	1376666717	bid	78.45
IVE	1376666717	ask	78.46
IVE	1376666721	price	78.4501
IVE	1376666721	ask	78.47
IVE	1376666729	price	78.45
IVE	1376666729	bid	78.44
IVE	1376666729	ask	78.45
IVE	1376666741	price	78.4685
IVE	1376666741	bid	78.45
IVE	1376666741	ask	78.47
IVE	1376666761	price	78.44
IVE	1376666761	bid	78.44
IVE	1376666761	ask	78.45
IVE	1376666761	bid	78.43
IVE	1376666761	ask	78.44
IVE	1376666767	price	78.43
IVE	1376666767	bid	78.42
IVE	1376666772	price	78.44
IVE	1376666772	bid	78.44
IVE	1376666772	ask	78.45
IVE	1376666772	bid	78.43
IVE	1376666797	price	78.42
IVE	1376666797	bid	78.41
IVE	1376666797	ask	78.42
IVE	1376666797	ask	78.43
IVE	1376666798	price	78.41
IVE	1376666798	bid	78.4
IVE	1376666798	ask	78.41
IVE	1376666798	ask	78.42
IVE	1376666798	price	78.418
IVE	1376666798	ask	78.41
IVE	1376666798	price	78.41
IVE	1376666798	bid	78.41
IVE	1376666798	ask	78.42
IVE	1376666816	price	78.42
IVE	1376666816	ask	78.43
IVE	1376666823	price	78.43
IVE	1376666823	bid	78.43
IVE	1376666823	ask	78.44
IVE	1376666834	price	78.42
IVE	1376666834	bid	78.41
IVE	1376666834	ask	78.43
IVE	1376666842	price	78.43
IVE	1376666842	bid	78.42
IVE	1376666842	ask	78.44
IVE	1376666847	price	78.44
IVE	1376666847	bid	78.44
IVE	1376666847	ask	78.45
IVE	1376666854	price	78.4545
IVE	1376666854	bid	78.45
IVE	1376666854	ask	78.46
IVE	1376666862	price	78.46
IVE	1376666862	bid	78.46
IVE	1376666862	ask	78.47
IVE	1376666875	price	78.468
IVE	1376666883	price	78.46
IVE	1376666890	price	78.47
IVE	1376666890	ask	78.48
IVE	1376666933	price	78.488
IVE	1376666933	bid	78.48
IVE	1376666933	ask	78.49
IVE	1376666935	price	78.49
IVE	1376666935	bid	78.49
IVE	1376666935	ask	78.5
IVE	1376666942	ask	78.49
IVE	1376666980	price	78.48
IVE	1376666980	bid	78.48
IVE	1376666980	price	78.4745
IVE	1376666980	bid	78.47
IVE	1376666980	ask	78.48
IVE	1376666990	price	78.48
IVE	1376666990	price	78.47
IVE	1376666991	price	78.46
IVE	1376666991	bid	78.45
IVE	1376666991	ask	78.46
IVE	1376666996	price	78.456
IVE	1376666996	ask	78.47
IVE	1376667000	price	78.45
IVE	1376667000	ask	78.46
IVE	1376667000	bid	78.44
IVE	1376667000	ask	78.45
IVE	1376667019	price	78.46
IVE	1376667019	bid	78.46
IVE	1376667019	ask	78.47
IVE	1376667021	price	78.47
IVE	1376667021	bid	78.45
IVE	1376667032	bid	78.47
IVE	1376667032	ask	78.48
IVE	1376667086	price	78.49
IVE	1376667086	bid	78.48
IVE	1376667086	ask	78.49
IVE	1376667088	bid	78.49
IVE	1376667088	ask	78.5
IVE	1376667092	price	78.5
IVE	1376667093	price	78.4927
IVE	1376667113	price	78.5
IVE	1376667116	price	78.49
IVE	1376667116	bid	78.48
IVE	1376667116	ask	78.49
IVE	1376667125	price	78.472
IVE	1376667125	bid	78.46
IVE	1376667125	ask	78.48
IVE	1376667154	price	78.465
IVE	1376667158	price	78.476
IVE	1376667192	price	78.4618
IVE	1376667192	bid	78.45
IVE	1376667192	ask	78.47
IVE	1376667192	price	78.4578
IVE	1376667197	price	78.464
IVE	1376667197	price	78.45
IVE	1376667197	price	78.4545
IVE	1376667197	ask	78.46
IVE	1376667198	price	78.464
IVE	1376667198	ask	78.47
IVE	1376667213	price	78.47
IVE	1376667213	bid	78.46
IVE	1376667214	bid	78.47
IVE	1376667214	ask	78.48
IVE	1376667214	bid	78.46
IVE	1376667214	ask	78.47
IVE	1376667232	price	78.48
IVE	1376667232	bid	78.48
IVE	1376667232	ask	78.49
IVE	1376667232	bid	78.47
IVE	1376667232	ask	78.48
IVE	1376667234	price	78.499
IVE	1376667234	bid	78.49
IVE	1376667234	ask	78.5
IVE	1376667234	price	78.5
IVE	1376667234	price	78.499
IVE	1376667234	price	78.4897
IVE	1376667235	price	78.49
IVE	1376667235	bid	78.48
IVE	1376667235	ask	78.49
IVE	1376667243	price	78.484
IVE	1376667243	ask	78.5
IVE	1376667252	price	78.49
IVE	1376667255	ask	78.49
IVE	1376667257	price	78.48
IVE	1376667257	ask	78.48
IVE	1376667293	price	78.49
IVE	1376667293	ask	78.49
IVE	1376667300	price	78.48
IVE	1376667300	bid	78.47
IVE	1376667300	ask	78.48
IVE	1376667326	price	78.4715
IVE	1376667330	price	78.48
IVE	1376667330	bid	78.48
IVE	1376667330	ask	78.49
IVE	1376667378	price	78.49
IVE	1376667378	bid	78.49
IVE	1376667378	ask	78.5
IVE	1376667385	price	78.5
IVE	1376667385	bid	78.5
IVE	1376667385	ask	78.51
IVE	1376667499	price	78.53
IVE	1376667499	bid	78.53
IVE	1376667499	ask	78.54
IVE	1376667558	price	78.54
IVE	1376667562	ask	78.55
IVE	1376667564	bid	78.54
IVE	1376667610	price	78.55
IVE	1376667623	price	78.552
IVE	1376667623	ask	78.56
IVE	1376667689	price	78.56
IVE	1376667689	bid	78.55
IVE	1376667703	price	78.5649
IVE	1376667703	bid	78.56
IVE	1376667703	ask	78.58
IVE	1376667707	price	78.57
IVE	1376667774	ask	78.57
IVE	1376667830	price	78.58
IVE	1376667830	bid	78.58
IVE	1376667830	ask	78.59
IVE	1376667835	price	78.59
IVE	1376667837	price	78.5881
IVE	1376667859	price	78.58
IVE	1376667859	bid	78.57
IVE	1376667859	ask	78.58
IVE	1376667909	price	78.5722
IVE	1376667909	bid	78.56
IVE	1376667928	price	78.545
IVE	1376667928	bid	78.54
IVE	1376667928	ask	78.56
IVE	1376668013	price	78.54
IVE	1376668013	ask	78.55
IVE	1376668123	bid	78.53
IVE	1376668123	price	78.5499
IVE	1376668222	price	78.5393
IVE	1376668222	ask	78.54
IVE	1376668237	price	78.53
IVE	1376668237	bid	78.52
IVE	1376668245	price	78.5399
IVE	1376668245	bid	78.53
IVE	1376668260	price	78.53
IVE	1376668260	bid	78.52
IVE	1376668260	ask	78.53
IVE	1376668267	price	78.528
IVE	1376668335	price	78.54
IVE	1376668335	bid	78.53
IVE	1376668335	ask	78.54
IVE	1376668346	bid	78.54
IVE	1376668346	ask	78.55
IVE	1376668349	bid	78.53
IVE	1376668349	ask	78.54
IVE	1376668402	price	78.53
IVE	1376668402	bid	78.52
IVE	1376668402	ask	78.53
IVE	1376668403	price	78.5385
IVE	1376668403	bid	78.53
IVE	1376668403	ask	78.54
IVE	1376668481	price	78.54
IVE	1376668511	bid	78.54
IVE	1376668511	ask	78.55
IVE	1376668531	price	78.55
IVE	1376668597	price	78.5355
IVE	1376668597	bid	78.53
IVE	1376668597	ask	78.54
IVE	1376668638	price	78.55
IVE	1376668638	bid	78.55
IVE	1376668638	ask	78.56
IVE	1376668658	price	78.53
IVE	1376668658	bid	78.52
IVE	1376668658	ask	78.54
IVE	1376668684	price	78.55
IVE	1376668684	bid	78.54
IVE	1376668684	ask	78.55
IVE	1376668695	bid	78.55
IVE	1376668695	ask	78.57
IVE	1376668715	price	78.56
IVE	1376668741	ask	78.56
IVE	1376668773	bid	78.56
IVE	1376668773	ask	78.57
IVE	1376668776	price	78.569
IVE	1376668776	bid	78.55
IVE	1376668925	price	78.5407
IVE	1376668925	bid	78.54
IVE	1376668925	ask	78.55
IVE	1376668930	price	78.55
IVE	1376668930	bid	78.55
IVE	1376668930	ask	78.56
IVE	1376668933	price	78.5595
IVE	1376668934	price	78.558
IVE	1376668945	price	78.557
IVE	1376668945	bid	78.56
IVE	1376668945	ask	78.57
IVE	1376668969	price	78.55
IVE	1376668969	bid	78.54
IVE	1376668969	ask	78.55
IVE	1376668979	price	78.5499
IVE	1376668982	price	78.55
IVE	1376669004	bid	78.55
IVE	1376669004	ask	78.56
IVE	1376669025	price	78.56
IVE	1376669045	bid	78.56
IVE	1376669045	ask	78.57
IVE	1376669050	price	78.5601
IVE	1376669050	price	78.57
IVE	1376669050	price	78.56
IVE	1376669105	bid	78.55
IVE	1376669105	ask	78.56
IVE	1376669107	bid	78.56
IVE	1376669107	ask	78.57
IVE	1376669112	price	78.55
IVE	1376669112	bid	78.55
IVE	1376669112	ask	78.56
IVE	1376669170	bid	78.54
IVE	1376669170	ask	78.55
IVE	1376669194	price	78.54
IVE	1376669194	ask	78.54
IVE	1376669199	price	78.53
IVE	1376669199	bid	78.52
IVE	1376669199	ask	78.53
IVE	1376669228	price	78.54
IVE	1376669228	bid	78.53
IVE	1376669228	ask	78.54
IVE	1376669279	price	78.5435
IVE	1376669279	bid	78.54
IVE	1376669279	ask	78.55
IVE	1376669292	price	78.54
IVE	1376669292	bid	78.53
IVE	1376669292	ask	78.54
IVE	1376669318	price	78.55
IVE	1376669318	bid	78.54
IVE	1376669318	ask	78.55
IVE	1376669323	price	78.5526
IVE	1376669323	bid	78.55
IVE	1376669323	ask	78.56
IVE	1376669330	price	78.555
IVE	1376669336	price	78.55
IVE	1376669336	bid	78.53
IVE	1376669336	ask	78.55
IVE	1376669341	price	78.54
IVE	1376669341	bid	78.54
IVE	1376669341	bid	78.53
IVE	1376669341	ask	78.54
IVE	1376669405	price	78.53
IVE	1376669426	price	78.54
IVE	1376669426	ask	78.55
IVE	1376669558	ask	78.54
IVE	1376669567	price	78.53
IVE	1376669567	price	78.54
IVE	1376669652	price	78.5249
IVE	1376669652	bid	78.52
IVE	1376669652	ask	78.53
IVE	1376669657	price	78.52
IVE	1376669667	price	78.53
IVE	1376669742	price	78.5251
IVE	1376669742	ask	78.54
IVE	1376669759	price	78.54
IVE	1376669759	bid	78.53
IVE	1376669766	price	78.55
IVE	1376669766	bid	78.54
IVE	1376669766	ask	78.55
IVE	1376669825	price	78.5535
IVE	1376669825	bid	78.55
IVE	1376669825	ask	78.56
IVE	1376669826	price	78.559
IVE	1376669842	price	78.55
IVE	1376669842	bid	78.54
IVE	1376669842	ask	78.55
IVE	1376669870	price	78.5501
IVE	1376669870	bid	78.55
IVE	1376669870	ask	78.56
IVE	1376669895	price	78.55
IVE	1376669898	price	78.54
IVE	1376669898	bid	78.53
IVE	1376669898	ask	78.54
IVE	1376669901	bid	78.54
IVE	1376669901	ask	78.55
IVE	1376669935	price	78.5538
IVE	1376669935	bid	78.55
IVE	1376669935	ask	78.56
IVE	1376669935	price	78.55
IVE	1376669935	bid	78.54
IVE	1376669935	ask	78.55
IVE	1376669940	price	78.5487
IVE	1376669971	price	78.54
IVE	1376669971	bid	78.53
IVE	1376669971	ask	78.54
IVE	1376669981	bid	78.54
IVE	1376670085	price	78.52
IVE	1376670085	bid	78.51
IVE	1376670085	ask	78.52
IVE	1376670092	price	78.51
IVE	1376670092	bid	78.5
IVE	1376670109	price	78.5
IVE	1376670109	bid	78.49
IVE	1376670109	ask	78.5
IVE	1376670125	price	78.4898
IVE	1376670125	bid	78.48
IVE	1376670212	price	78.48
IVE	1376670212	bid	78.47
IVE	1376670212	ask	78.48
IVE	1376670215	price	78.47
IVE	1376670215	bid	78.46
IVE	1376670215	ask	78.47
IVE	1376670220	price	78.473
IVE	1376670220	ask	78.48
IVE	1376670233	price	78.47
IVE	1376670233	bid	78.47
IVE	1376670239	price	78.46
IVE	1376670239	bid	78.46
IVE	1376670239	ask	78.47
IVE	1376670266	price	78.47
IVE	1376670344	price	78.46
IVE	1376670344	bid	78.45
IVE	1376670344	ask	78.46
IVE	1376670371	price	78.48
IVE	1376670371	bid	78.47
IVE	1376670371	ask	78.48
IVE	1376670371	ask	78.49
IVE	1376670371	ask	78.48
IVE	1376670383	bid	78.48
IVE	1376670383	ask	78.49
IVE	1376670427	price	78.47
IVE	1376670427	bid	78.46
IVE	1376670427	ask	78.47
IVE	1376670446	price	78.4624
IVE	1376670446	bid	78.45
IVE	1376670493	price	78.4378
IVE	1376670493	bid	78.43
IVE	1376670493	ask	78.45
IVE	1376670522	price	78.46
IVE	1376670522	bid	78.46
IVE	1376670522	ask	78.47
IVE	1376670534	price	78.45
IVE	1376670534	bid	78.45
IVE	1376670534	ask	78.46
IVE	1376670554	bid	78.44
IVE	1376670554	ask	78.45
IVE	1376670559	price	78.44
IVE	1376670575	price	78.42
IVE	1376670575	bid	78.41
IVE	1376670575	ask	78.42
IVE	1376670583	price	78.41
IVE	1376670583	bid	78.4
IVE	1376670593	price	78.42
IVE	1376670593	bid	78.41
IVE	1376670678	price	78.41
IVE	1376670678	ask	78.43
IVE	1376670720	price	78.42
IVE	1376670729	ask	78.42
IVE	1376670731	price	78.43
IVE	1376670731	bid	78.42
IVE	1376670731	ask	78.44
IVE	1376670767	price	78.4
IVE	1376670767	bid	78.39
IVE	1376670767	ask	78.4
IVE	1376670791	price	78.41
IVE	1376670791	bid	78.4
IVE	1376670791	ask	78.41
IVE	1376670811	bid	78.41
IVE	1376670811	ask	78.42
IVE	1376670819	bid	78.4
IVE	1376670819	ask	78.41
IVE	1376670911	price	78.4161
IVE	1376670911	bid	78.41
IVE	1376670911	ask	78.42
IVE	1376670936	price	78.42
IVE	1376670936	bid	78.42
IVE	1376670936	ask	78.43
IVE	1376670983	bid	78.41
IVE	1376670983	ask	78.42
IVE	1376671001	price	78.41
IVE	1376671001	bid	78.4
IVE	1376671001	ask	78.41
IVE	1376671019	price	78.4
IVE	1376671019	price	78.39
IVE	1376671037	bid	78.38
IVE	1376671037	ask	78.4
IVE	1376671042	price	78.38
IVE	1376671042	ask	78.39
IVE	1376671049	price	78.3849
IVE	1376671070	price	78.38
IVE	1376671073	price	78.3948
IVE	1376671073	ask	78.4
IVE	1376671103	price	78.4
IVE	1376671103	bid	78.4
IVE	1376671103	ask	78.41
IVE	1376671104	bid	78.39
IVE	1376671104	ask	78.4
IVE	1376671104	bid	78.4
IVE	1376671104	ask	78.41
IVE	1376671172	bid	78.39
IVE	1376671172	ask	78.4
IVE	1376671197	price	78.39
IVE	1376671258	price	78.38
IVE	1376671258	bid	78.38
IVE	1376671258	ask	78.39
IVE	1376671260	price	78.39
IVE	1376671260	bid	78.39
IVE	1376671270	bid	78.38
IVE	1376671310	price	78.37
IVE	1376671310	bid	78.37
IVE	1376671310	ask	78.38
IVE	1376671320	price	78.38
IVE	1376671324	price	78.37
IVE	1376671327	bid	78.36
IVE	1376671327	ask	78.37
IVE	1376671328	price	78.36
IVE	1376671383	price	78.3713
IVE	1376671383	bid	78.37
IVE	1376671383	ask	78.38
IVE	1376671395	price	78.3799
IVE	1376671397	price	78.372
IVE	1376671400	price	78.37
IVE	1376671400	bid	78.36
IVE	1376671400	ask	78.37
IVE	1376671404	bid	78.37
IVE	1376671404	ask	78.38
IVE	1376671408	bid	78.36
IVE	1376671408	ask	78.37
IVE	1376671475	price	78.36
IVE	1376671485	price	78.37
IVE	1376671531	bid	78.37
IVE	1376671531	ask	78.38
IVE	1376671535	price	78.38
IVE	1376671552	price	78.39
IVE	1376671552	bid	78.38
IVE	1376671552	ask	78.39
IVE	1376671613	price	78.38
IVE	1376671613	bid	78.37
IVE	1376671613	ask	78.38
IVE	1376671628	price	78.37
IVE	1376671628	bid	78.36
IVE	1376671639	bid	78.37
IVE	1376671651	price	78.371
IVE	1376671651	bid	78.36
IVE	1376671698	price	78.367
IVE	1376671698	bid	78.35
IVE	1376671698	ask	78.37
IVE	1376671745	price	78.35
IVE	1376671745	bid	78.34
IVE	1376671745	ask	78.35
IVE	1376671839	price	78.3126
IVE	1376671839	bid	78.31
IVE	1376671839	ask	78.33
IVE	1376671890	price	78.32
IVE	1376671890	bid	78.32
IVE	1376671930	ask	78.34
IVE	1376671955	bid	78.31
IVE	1376671955	ask	78.33
IVE	1376672003	price	78.35
IVE	1376672003	bid	78.34
IVE	1376672003	ask	78.35
IVE	1376672043	price	78.37
IVE	1376672043	bid	78.36
IVE	1376672043	ask	78.37
IVE	1376672046	bid	78.35
IVE	1376672071	bid	78.36
IVE	1376672086	bid	78.37
IVE	1376672086	ask	78.38
IVE	1376672086	price	78.3637
IVE	1376672086	bid	78.36
IVE	1376672086	ask	78.37
IVE	1376672101	price	78.37
IVE	1376672143	price	78.3607
IVE	1376672196	price	78.38
IVE	1376672196	bid	78.37
IVE	1376672196	ask	78.38
IVE	1376672221	price	78.377
IVE	1376672221	bid	78.36
IVE	1376672228	price	78.376
IVE	1376672265	price	78.36
IVE	1376672265	ask	78.37
IVE	1376672365	price	78.32
IVE	1376672365	bid	78.31
IVE	1376672365	ask	78.32
IVE	1376672366	price	78.3199
IVE	1376672366	price	78.32
IVE	1376672366	price	78.3199
IVE	1376672366	price	78.32
IVE	1376672401	price	78.33
IVE	1376672401	bid	78.33
IVE	1376672401	ask	78.33
IVE	1376672401	ask	78.34
IVE	1376672425	price	78.34
IVE	1376672425	price	78.33
IVE	1376672440	price	78.3299
IVE	1376672440	bid	78.32
IVE	1376672440	ask	78.33
IVE	1376672481	price	78.3
IVE	1376672481	bid	78.3
IVE	1376672481	ask	78.31
IVE	1376672518	price	78.29
IVE	1376672518	bid	78.29
IVE	1376672518	ask	78.3
IVE	1376672531	price	78.31
IVE	1376672531	ask	78.31
IVE	1376672555	price	78.316
IVE	1376672555	bid	78.3
IVE	1376672555	ask	78.32
IVE	1376672566	price	78.29
IVE	1376672566	bid	78.29
IVE	1376672566	ask	78.3
IVE	1376672598	price	78.28
IVE	1376672598	bid	78.28
IVE	1376672598	ask	78.29
IVE	1376672612	bid	78.27
IVE	1376672612	ask	78.28
IVE	1376672724	price	78.27
IVE	1376672724	bid	78.26
IVE	1376672724	ask	78.27
IVE	1376672733	price	78.26
IVE	1376672733	bid	78.25
IVE	1376672733	ask	78.26
IVE	1376672734	price	78.25
IVE	1376672734	bid	78.24
IVE	1376672734	ask	78.25
IVE	1376672735	bid	78.25
IVE	1376672735	ask	78.26
IVE	1376672737	price	78.24
IVE	1376672737	bid	78.24
IVE	1376672737	ask	78.25
IVE	1376672759	price	78.21
IVE	1376672759	bid	78.21
IVE	1376672759	ask	78.22
IVE	1376672779	price	78.209
IVE	1376672779	bid	78.2
IVE	1376672779	ask	78.21
IVE	1376672789	price	78.21
IVE	1376672816	price	78.2
IVE	1376672816	bid	78.19
IVE	1376672816	ask	78.2
IVE	1376672817	price	78.209
IVE	1376672817	bid	78.2
IVE	1376672817	ask	78.21
IVE	1376672879	price	78.22
IVE	1376672879	bid	78.21
IVE	1376672879	ask	78.22
IVE	1376672946	price	78.21
IVE	1376672946	bid	78.2
IVE	1376672949	price	78.2
IVE	1376672949	bid	78.19
IVE	1376672949	ask	78.2
IVE	1376672959	price	78.194
IVE	1376672959	ask	78.21
IVE	1376672991	price	78.18
IVE	1376672991	bid	78.17
IVE	1376672991	ask	78.19
IVE	1376672995	bid	78.18
IVE	1376673008	price	78.19
IVE	1376673009	price	78.18
IVE	1376673015	price	78.178
IVE	1376673015	bid	78.17
IVE	1376673058	price	78.2
IVE	1376673058	bid	78.19
IVE	1376673058	ask	78.2
IVE	1376673079	bid	78.2
IVE	1376673079	ask	78.21
IVE	1376673089	bid	78.19
IVE	1376673089	ask	78.2
IVE	1376673091	price	78.19
IVE	1376673091	bid	78.18
IVE	1376673091	ask	78.19
IVE	1376673134	ask	78.2
IVE	1376673155	price	78.1813
IVE	1376673155	ask	78.19
IVE	1376673213	price	78.1726
IVE	1376673213	bid	78.17
IVE	1376673213	ask	78.18
IVE	1376673342	price	78.17
IVE	1376673342	bid	78.16
IVE	1376673342	ask	78.17
IVE	1376673352	bid	78.17
IVE	1376673352	ask	78.19
IVE	1376673397	price	78.1913
IVE	1376673397	bid	78.19
IVE	1376673397	ask	78.2
IVE	1376673413	price	78.2
IVE	1376673413	bid	78.2
IVE	1376673413	ask	78.21
IVE	1376673413	bid	78.19
IVE	1376673413	ask	78.2
IVE	1376673413	price	78.19
IVE	1376673422	price	78.18
IVE	1376673422	bid	78.18
IVE	1376673422	ask	78.19
IVE	1376673436	price	78.2
IVE	1376673436	bid	78.17
IVE	1376673436	ask	78.2
IVE	1376673520	bid	78.19
IVE	1376673539	price	78.21
IVE	1376673539	bid	78.2
IVE	1376673539	ask	78.21
IVE	1376673584	price	78.2035
IVE	1376673584	ask	78.22
IVE	1376673589	price	78.21
IVE	1376673589	ask	78.21
IVE	1376673655	price	78.184
IVE	1376673655	bid	78.17
IVE	1376673655	ask	78.19
IVE	1376673672	price	78.17
IVE	1376673672	bid	78.16
IVE	1376673672	ask	78.17
IVE	1376673691	price	78.15
IVE	1376673691	bid	78.15
IVE	1376673691	ask	78.16
IVE	1376673710	price	78.16
IVE	1376673722	price	78.17
IVE	1376673722	bid	78.17
IVE	1376673722	ask	78.18
IVE	1376673728	price	78.18
IVE	1376673733	bid	78.18
IVE	1376673733	ask	78.19
IVE	1376673819	price	78.2
IVE	1376673819	bid	78.2
IVE	1376673819	ask	78.21
IVE	1376673852	bid	78.19
IVE	1376673852	ask	78.2
IVE	1376673864	price	78.21
IVE	1376673864	bid	78.2
IVE	1376673864	ask	78.21
IVE	1376673868	price	78.2026
IVE	1376673868	price	78.2075
IVE	1376673878	price	78.22
IVE	1376673878	bid	78.21
IVE	1376673878	ask	78.22
IVE	1376673901	ask	78.23
IVE	1376673910	bid	78.2
IVE	1376673910	ask	78.22
IVE	1376673934	price	78.21
IVE	1376673934	ask	78.21
IVE	1376673996	price	78.2
IVE	1376673996	bid	78.19
IVE	1376673996	ask	78.2
IVE	1376674012	price	78.1899
IVE	1376674012	bid	78.17
IVE	1376674012	ask	78.19
IVE	1376674161	price	78.19
IVE	1376674161	bid	78.19
IVE	1376674161	ask	78.2
IVE	1376674161	bid	78.18
IVE	1376674161	ask	78.19
IVE	1376674176	price	78.1601
IVE	1376674176	bid	78.16
IVE	1376674176	ask	78.18
IVE	1376674202	price	78.1626
IVE	1376674325	price	78.1735
IVE	1376674325	bid	78.17
IVE	1376674325	ask	78.19
IVE	1376674341	price	78.19
IVE	1376674341	bid	78.18
IVE	1376674401	price	78.182
IVE	1376674401	bid	78.17
IVE	1376674415	price	78.19
IVE	1376674415	bid	78.18
IVE	1376674415	ask	78.2
IVE	1376674441	price	78.1886
IVE	1376674441	bid	78.17
IVE	1376674441	ask	78.19
IVE	1376674526	price	78.17
IVE	1376674548	bid	78.16
IVE	1376674548	ask	78.18
IVE	1376674553	price	78.16
IVE	1376674593	price	78.17
IVE	1376674593	bid	78.17
IVE	1376674593	ask	78.19
IVE	1376674602	price	78.1813
IVE	1376674677	price	78.18
IVE	1376674677	bid	78.18
IVE	1376674722	price	78.17
IVE	1376674722	bid	78.16
IVE	1376674722	ask	78.17
IVE	1376674790	price	78.136
IVE	1376674790	bid	78.12
IVE	1376674790	ask	78.13
IVE	1376674794	price	78.12
IVE	1376674794	bid	78.11
IVE	1376674794	ask	78.12
IVE	1376674806	price	78.13
IVE	1376674806	bid	78.12
IVE	1376674806	ask	78.13
IVE	1376674848	price	78.14
IVE	1376674848	bid	78.13
IVE	1376674848	ask	78.15
IVE	1376674855	ask	78.14
IVE	1376674868	price	78.13
IVE	1376674868	bid	78.12
IVE	1376674868	ask	78.13
IVE	1376674897	price	78.11
IVE	1376674897	bid	78.1
IVE	1376674897	ask	78.11
IVE	1376674934	price	78.1
IVE	1376674934	bid	78.09
IVE	1376674934	ask	78.1
IVE	1376675046	price	78.0972
IVE	1376675046	bid	78.08
IVE	1376675062	price	78.11
IVE	1376675062	bid	78.1
IVE	1376675062	ask	78.11
IVE	1376675065	price	78.102
IVE	1376675085	price	78.1
IVE	1376675085	bid	78.09
IVE	1376675085	ask	78.1
IVE	1376675102	price	78.11
IVE	1376675102	bid	78.1
IVE	1376675102	ask	78.12
IVE	1376675106	price	78.1
IVE	1376675106	bid	78.09
IVE	1376675106	ask	78.1
IVE	1376675107	price	78.0913
IVE	1376675108	price	78.1
IVE	1376675225	price	78.11
IVE	1376675225	bid	78.1
IVE	1376675225	ask	78.11
IVE	1376675225	bid	78.11
IVE	1376675225	ask	78.12
IVE	1376675230	price	78.12
IVE	1376675230	bid	78.12
IVE	1376675230	price	78.13
IVE	1376675230	ask	78.13
IVE	1376675314	price	78.15
IVE	1376675314	bid	78.15
IVE	1376675314	ask	78.16
IVE	1376675375	price	78.16
IVE	1376675391	price	78.17
IVE	1376675391	bid	78.17
IVE	1376675391	ask	78.18
IVE	1376675406	bid	78.16
IVE	1376675406	ask	78.17
IVE	1376675408	price	78.16
IVE	1376675408	ask	78.18
IVE	1376675420	price	78.1715
IVE	1376675446	price	78.1602
IVE	1376675473	price	78.162
IVE	1376675507	price	78.18
IVE	1376675531	price	78.2
IVE	1376675531	bid	78.19
IVE	1376675531	ask	78.2
IVE	1376675541	ask	78.21
IVE	1376675546	bid	78.18
IVE	1376675546	ask	78.2
IVE	1376675570	price	78.19
IVE	1376675570	bid	78.19
IVE	1376675586	price	78.18
IVE	1376675586	bid	78.17
IVE	1376675586	ask	78.19
IVE	1376675597	price	78.1936
IVE	1376675597	bid	78.18
IVE	1376675597	ask	78.2
IVE	1376675621	price	78.1777
IVE	1376675621	bid	78.17
IVE	1376675626	price	78.1826
IVE	1376675626	bid	78.18
IVE	1376675629	price	78.18
IVE	1376675629	bid	78.17
IVE	1376675695	bid	78.18
IVE	1376675695	ask	78.19
IVE	1376675696	bid	78.17
IVE	1376675696	ask	78.18
IVE	1376675713	price	78.1644
IVE	1376675713	bid	78.16
IVE	1376675760	price	78.18
IVE	1376675760	bid	78.18
IVE	1376675760	ask	78.19
IVE	1376675790	price	78.1902
IVE	1376675790	ask	78.2
IVE	1376675885	price	78.2
IVE	1376675885	bid	78.19
IVE	1376675886	price	78.19
IVE	1376675886	bid	78.18
IVE	1376675886	ask	78.19
IVE	1376675889	price	78.18
IVE	1376675889	bid	78.17
IVE	1376675902	price	78.174
IVE	1376675902	bid	78.18
IVE	1376675902	price	78.18
IVE	1376675927	price	78.1864
IVE	1376675927	ask	78.2
IVE	1376675952	price	78.19
IVE	1376675952	bid	78.19
IVE	1376675959	price	78.1801
IVE	1376675959	bid	78.18
IVE	1376675970	price	78.19
IVE	1376675970	ask	78.19
IVE	1376676013	price	78.1901
IVE	1376676013	bid	78.19
IVE	1376676013	ask	78.2
IVE	1376676019	price	78.193
IVE	1376676027	price	78.19
IVE	1376676030	price	78.2
IVE	1376676030	bid	78.2
IVE	1376676030	ask	78.21
IVE	1376676038	price	78.21
IVE	1376676038	bid	78.21
IVE	1376676052	price	78.2001
IVE	1376676052	bid	78.2
IVE	1376676052	ask	78.22
IVE	1376676068	price	78.23
IVE	1376676068	bid	78.22
IVE	1376676068	ask	78.23
IVE	1376676111	price	78.22
IVE	1376676148	price	78.235
IVE	1376676148	bid	78.23
IVE	1376676148	ask	78.24
IVE	1376676166	price	78.23
IVE	1376676168	bid	78.22
IVE	1376676168	ask	78.23
IVE	1376676177	price	78.22
IVE	1376676177	bid	78.21
IVE	1376676177	ask	78.22
IVE	1376676177	price	78.21
IVE	1376676200	price	78.23
IVE	1376676200	bid	78.22
IVE	1376676200	ask	78.23
IVE	1376676200	price	78.2287
IVE	1376676268	price	78.2
IVE	1376676268	bid	78.19
IVE	1376676268	ask	78.21
IVE	1376676304	price	78.19
IVE	1376676304	ask	78.2
IVE	1376676402	price	78.21
IVE	1376676402	bid	78.2
IVE	1376676402	ask	78.21
IVE	1376676459	price	78.2026
IVE	1376676459	ask	78.22
IVE	1376676475	price	78.21
IVE	1376676475	bid	78.21
IVE	1376676482	price	78.2199
IVE	1376676482	bid	78.2
IVE	1376676483	price	78.2
IVE	1376676483	ask	78.21
IVE	1376676511	price	78.19
IVE	1376676511	bid	78.18
IVE	1376676511	ask	78.19
IVE	1376676515	bid	78.19
IVE	1376676515	ask	78.2
IVE	1376676532	price	78.17
IVE	1376676532	bid	78.16
IVE	1376676532	ask	78.18
IVE	1376676549	price	78.1687
IVE	1376676549	ask	78.17
IVE	1376676556	price	78.16
IVE	1376676556	bid	78.15
IVE	1376676572	price	78.18
IVE	1376676572	bid	78.17
IVE	1376676572	ask	78.18
IVE	1376676575	price	78.172
IVE	1376676605	price	78.182
IVE	1376676605	ask	78.19
IVE	1376676630	price	78.19
IVE	1376676630	bid	78.18
IVE	1376676651	price	78.21
IVE	1376676651	bid	78.2
IVE	1376676651	ask	78.22
IVE	1376676660	price	78.2
IVE	1376676660	ask	78.21
IVE	1376676675	bid	78.19
IVE	1376676675	ask	78.2
IVE	1376676705	price	78.1987
IVE	1376676712	price	78.19
IVE	1376676712	bid	78.18
IVE	1376676712	ask	78.19
IVE	1376676769	price	78.1774
IVE	1376676769	bid	78.16
IVE	1376676769	ask	78.18
IVE	1376676811	price	78.16
IVE	1376676811	ask	78.17
IVE	1376676840	price	78.1626
IVE	1376676840	ask	78.18
IVE	1376676872	price	78.16
IVE	1376676872	ask	78.16
IVE	1376676880	price	78.1601
IVE	1376676880	bid	78.15
IVE	1376676880	price	78.16
IVE	1376676889	price	78.15
IVE	1376676889	bid	78.14
IVE	1376676906	ask	78.15
IVE	1376676907	price	78.1401
IVE	1376676907	price	78.14
IVE	1376676907	price	78.1401
IVE	1376676908	price	78.14
IVE	1376676908	bid	78.13
IVE	1376676908	ask	78.14
IVE	1376676921	price	78.13
IVE	1376676929	ask	78.15
IVE	1376676963	price	78.12
IVE	1376676963	bid	78.12
IVE	1376676963	ask	78.13
IVE	1376676963	price	78.13
IVE	1376676963	price	78.12
IVE	1376676963	bid	78.11
IVE	1376676963	ask	78.12
IVE	1376676963	price	78.11
IVE	1376676963	price	78.12
IVE	1376676963	price	78.11
IVE	1376676971	price	78.12
IVE	1376676971	bid	78.12
IVE	1376676971	ask	78.13
IVE	1376676997	price	78.09
IVE	1376676997	bid	78.09
IVE	1376676997	ask	78.1
IVE	1376676997	bid	78.08
IVE	1376676997	ask	78.09
IVE	1376677016	price	78.08
IVE	1376677040	price	78.09
IVE	1376677040	bid	78.07
IVE	1376677042	price	78.08
IVE	1376677042	ask	78.08
IVE	1376677049	price	78.07
IVE	1376677049	bid	78.05
IVE	1376677049	ask	78.07
IVE	1376677056	price	78.0502
IVE	1376677056	price	78.061
IVE	1376677062	price	78.06
IVE	1376677062	ask	78.06
IVE	1376677068	price	78.07
IVE	1376677068	bid	78.07
IVE	1376677068	ask	78.08
IVE	1376677116	price	78.0714
IVE	1376677116	ask	78.09
IVE	1376677123	price	78.09
IVE	1376677123	bid	78.08
IVE	1376677128	price	78.0892
IVE	1376677128	bid	78.07
IVE	1376677144	price	78.08
IVE	1376677144	bid	78.08
IVE	1376677146	bid	78.07
IVE	1376677146	ask	78.08
IVE	1376677185	price	78.09
IVE	1376677185	bid	78.08
IVE	1376677185	ask	78.09
IVE	1376677210	price	78.0874
IVE	1376677210	bid	78.07
IVE	1376677229	price	78.09
IVE	1376677229	bid	78.08
IVE	1376677289	price	78.12
IVE	1376677289	bid	78.12
IVE	1376677289	ask	78.13
IVE	1376677292	bid	78.11
IVE	1376677292	ask	78.12
IVE	1376677320	price	78.13
IVE	1376677320	bid	78.13
IVE	1376677320	ask	78.14
IVE	1376677320	bid	78.12
IVE	1376677320	ask	78.13
IVE	1376677383	price	78.15
IVE	1376677383	bid	78.14
IVE	1376677383	ask	78.15
IVE	1376677393	price	78.1465
IVE	1376677393	bid	78.13
IVE	1376677397	price	78.13
IVE	1376677397	ask	78.13
IVE	1376677433	price	78.1101
IVE	1376677433	bid	78.11
IVE	1376677445	price	78.12
IVE	1376677445	ask	78.12
IVE	1376677461	price	78.1298
IVE	1376677461	ask	78.13
IVE	1376677461	price	78.13
IVE	1376677461	bid	78.12
IVE	1376677463	price	78.12
IVE	1376677463	price	78.13
IVE	1376677463	bid	78.13
IVE	1376677463	ask	78.14
IVE	1376677467	price	78.12
IVE	1376677467	bid	78.11
IVE	1376677467	ask	78.12
IVE	1376677653	bid	78.12
IVE	1376677653	ask	78.14
IVE	1376677657	price	78.1365
IVE	1376677681	price	78.15
IVE	1376677681	bid	78.14
IVE	1376677681	ask	78.15
IVE	1376677681	bid	78.15
IVE	1376677681	ask	78.16
IVE	1376677700	price	78.16
IVE	1376677702	price	78.159
IVE	1376677702	price	78.1598
IVE	1376677702	price	78.159
IVE	1376677702	price	78.158
IVE	1376677716	price	78.16
IVE	1376677716	bid	78.16
IVE	1376677716	ask	78.17
IVE	1376677747	price	78.15
IVE	1376677747	bid	78.15
IVE	1376677747	ask	78.16
IVE	1376677754	bid	78.14
IVE	1376677754	ask	78.15
IVE	1376677754	price	78.14
IVE	1376677754	bid	78.13
IVE	1376677783	price	78.15
IVE	1376677783	bid	78.15
IVE	1376677783	ask	78.16
IVE	1376677809	price	78.16
IVE	1376677832	price	78.14
IVE	1376677832	bid	78.14
IVE	1376677832	ask	78.15
IVE	1376677837	price	78.1401
IVE	1376677837	ask	78.16
IVE	1376677866	price	78.139
IVE	1376677866	bid	78.12
IVE	1376677866	ask	78.13
IVE	1376677894	price	78.12
IVE	1376677898	price	78.125
IVE	1376677913	price	78.1299
IVE	1376677972	price	78.11
IVE	1376677972	bid	78.1
IVE	1376677972	ask	78.11
IVE	1376677981	bid	78.11
IVE	1376677981	ask	78.12
IVE	1376678139	price	78.12
IVE	1376678139	bid	78.12
IVE	1376678139	ask	78.13
IVE	1376678148	price	78.0901
IVE	1376678148	bid	78.09
IVE	1376678148	ask	78.11
IVE	1376678177	price	78.09
IVE	1376678177	ask	78.1
IVE	1376678208	price	78.1
IVE	1376678208	bid	78.1
IVE	1376678208	ask	78.11
IVE	1376678209	price	78.0927
IVE	1376678209	bid	78.09
IVE	1376678210	price	78.1072
IVE	1376678245	price	78.14
IVE	1376678245	bid	78.13
IVE	1376678245	ask	78.14
IVE	1376678284	price	78.15
IVE	1376678284	bid	78.15
IVE	1376678284	ask	78.16
IVE	1376678284	bid	78.14
IVE	1376678284	ask	78.15
IVE	1376678305	bid	78.15
IVE	1376678305	ask	78.16
IVE	1376678320	price	78.16
IVE	1376678334	price	78.15
IVE	1376678334	bid	78.14
IVE	1376678334	ask	78.15
IVE	1376678344	bid	78.15
IVE	1376678344	ask	78.16
IVE	1376678354	price	78.14
IVE	1376678354	bid	78.14
IVE	1376678354	ask	78.15
IVE	1376678453	price	78.15
IVE	1376678475	bid	78.15
IVE	1376678475	ask	78.16
IVE	1376678487	price	78.16
IVE	1376678498	bid	78.16
IVE	1376678498	ask	78.17
IVE	1376678514	price	78.17
IVE	1376678548	price	78.184
IVE	1376678548	bid	78.18
IVE	1376678548	ask	78.19
IVE	1376678572	price	78.1999
IVE	1376678572	bid	78.19
IVE	1376678572	ask	78.2
IVE	1376678573	price	78.19
IVE	1376678573	bid	78.18
IVE	1376678573	ask	78.19
IVE	1376678581	price	78.1897
IVE	1376678583	price	78.18
IVE	1376678583	bid	78.17
IVE	1376678583	ask	78.18
IVE	1376678637	price	78.16
IVE	1376678637	bid	78.16
IVE	1376678637	ask	78.17
IVE	1376678695	price	78.1699
IVE	1376678751	price	78.18
IVE	1376678751	bid	78.17
IVE	1376678751	ask	78.18
IVE	1376678794	price	78.19
IVE	1376678794	bid	78.19
IVE	1376678794	ask	78.2
IVE	1376678808	price	78.1998
IVE	1376678808	bid	78.18
IVE	1376678829	price	78.2
IVE	1376678829	bid	78.19
IVE	1376678848	price	78.21
IVE	1376678848	bid	78.2
IVE	1376678848	ask	78.22
IVE	1376678875	price	78.22
IVE	1376678875	bid	78.21
IVE	1376678920	price	78.23
IVE	1376678920	bid	78.22
IVE	1376678920	ask	78.23
IVE	1376678936	price	78.25
IVE	1376678936	bid	78.24
IVE	1376678936	ask	78.25
IVE	1376678982	price	78.24
IVE	1376678982	bid	78.23
IVE	1376678982	ask	78.24
IVE	1376678982	ask	78.25
IVE	1376679055	price	78.28
IVE	1376679055	bid	78.27
IVE	1376679055	ask	78.28
IVE	1376679067	price	78.29
IVE	1376679067	bid	78.29
IVE	1376679067	ask	78.29
IVE	1376679069	ask	78.3
IVE	1376679075	price	78.3
IVE	1376679079	price	78.29
IVE	1376679079	bid	78.28
IVE	1376679079	ask	78.29
IVE	1376679092	bid	78.27
IVE	1376679118	price	78.28
IVE	1376679118	bid	78.28
IVE	1376679127	price	78.29
IVE	1376679131	price	78.284
IVE	1376679131	ask	78.3
IVE	1376679142	price	78.28
IVE	1376679152	price	78.296
IVE	1376679162	price	78.2945
IVE	1376679162	bid	78.29
IVE	1376679165	price	78.3
IVE	1376679165	bid	78.3
IVE	1376679165	ask	78.31
IVE	1376679190	price	78.33
IVE	1376679190	bid	78.32
IVE	1376679190	ask	78.33
IVE	1376679234	price	78.34
IVE	1376679234	bid	78.33
IVE	1376679234	ask	78.34
IVE	1376679251	price	78.3358
IVE	1376679263	price	78.34
IVE	1376679264	price	78.3402
IVE	1376679264	ask	78.35
IVE	1376679275	price	78.34
IVE	1376679275	bid	78.34
IVE	1376679280	price	78.35
IVE	1376679312	price	78.33
IVE	1376679312	bid	78.32
IVE	1376679312	ask	78.33
IVE	1376679369	price	78.3253
IVE	1376679369	ask	78.34
IVE	1376679370	price	78.32
IVE	1376679370	bid	78.31
IVE	1376679370	ask	78.32
IVE	1376679434	price	78.2826
IVE	1376679434	bid	78.28
IVE	1376679434	ask	78.3
IVE	1376679455	price	78.2968
IVE	1376679455	bid	78.29
IVE	1376679455	ask	78.31
IVE	1376679463	price	78.29
IVE	1376679463	ask	78.3
IVE	1376679475	price	78.3
IVE	1376679475	bid	78.3
IVE	1376679475	ask	78.31
IVE	1376679480	price	78.31
IVE	1376679482	price	78.316
IVE	1376679482	ask	78.32
IVE	1376679484	price	78.32
IVE	1376679484	bid	78.31
IVE	1376679516	price	78.34
IVE	1376679516	bid	78.34
IVE	1376679516	ask	78.35
IVE	1376679521	bid	78.33
IVE	1376679521	ask	78.34
IVE	1376679527	price	78.3566
IVE	1376679527	bid	78.35
IVE	1376679527	ask	78.36
IVE	1376679532	price	78.35
IVE	1376679532	bid	78.34
IVE	1376679532	ask	78.35
IVE	1376679547	price	78.34
IVE	1376679557	price	78.35
IVE	1376679557	ask	78.36
IVE	1376679565	ask	78.35
IVE	1376679574	bid	78.35
IVE	1376679574	ask	78.36
IVE	1376679600	bid	78.34
IVE	1376679600	ask	78.35
IVE	1376679611	price	78.34
IVE	1376679611	bid	78.33
IVE	1376679611	ask	78.34
IVE	1376679646	price	78.33
IVE	1376679646	bid	78.32
IVE	1376679646	ask	78.33
IVE	1376679658	price	78.321
IVE	1376679658	ask	78.34
IVE	1376679678	price	78.335
IVE	1376679678	bid	78.33
IVE	1376679678	price	78.34
IVE	1376679678	price	78.35
IVE	1376679678	bid	78.34
IVE	1376679678	ask	78.35
IVE	1376679678	bid	78.33
IVE	1376679678	ask	78.34
IVE	1376679686	price	78.3345
IVE	1376679686	ask	78.35
IVE	1376679689	bid	78.34
IVE	1376679697	price	78.36
IVE	1376679697	bid	78.35
IVE	1376679697	ask	78.36
IVE	1376679697	price	78.355
IVE	1376679730	price	78.35
IVE	1376679730	bid	78.34
IVE	1376679730	ask	78.35
IVE	1376679759	price	78.34
IVE	1376679759	bid	78.33
IVE	1376679759	ask	78.34
IVE	1376679876	price	78.33
IVE	1376679876	bid	78.32
IVE	1376679876	ask	78.33
IVE	1376679876	price	78.34
IVE	1376679876	ask	78.34
IVE	1376679878	price	78.3355
IVE	1376679879	price	78.339
IVE	1376679946	price	78.349
IVE	1376679946	bid	78.33
IVE	1376679946	ask	78.35
IVE	1376679954	bid	78.34
IVE	1376679961	price	78.35
IVE	1376679961	bid	78.35
IVE	1376679961	ask	78.36
IVE	1376679991	price	78.36
IVE	1376679991	bid	78.37
IVE	1376679991	ask	78.38
IVE	1376679996	price	78.3802
IVE	1376679996	ask	78.39
IVE	1376680010	price	78.38
IVE	1376680010	ask	78.38
IVE	1376680024	price	78.3799
IVE	1376680025	price	78.37
IVE	1376680025	bid	78.36
IVE	1376680032	price	78.36
IVE	1376680032	bid	78.35
IVE	1376680032	ask	78.36
IVE	1376680035	bid	78.34
IVE	1376680063	price	78.34
IVE	1376680063	ask	78.35
IVE	1376680070	price	78.3516
IVE	1376680070	ask	78.36
IVE	1376680087	price	78.33
IVE	1376680087	bid	78.33
IVE	1376680087	ask	78.34
IVE	1376680105	price	78.34
IVE	1376680132	price	78.35
IVE	1376680132	bid	78.34
IVE	1376680132	ask	78.35
IVE	1376680161	price	78.3613
IVE	1376680161	bid	78.35
IVE	1376680161	ask	78.37
IVE	1376680208	price	78.38
IVE	1376680208	bid	78.36
IVE	1376680208	ask	78.38
IVE	1376680235	bid	78.37
IVE	1376680235	bid	78.38
IVE	1376680235	ask	78.39
IVE	1376680236	bid	78.37
IVE	1376680236	ask	78.38
IVE	1376680246	price	78.37
IVE	1376680246	bid	78.36
IVE	1376680246	ask	78.37
IVE	1376680251	price	78.36
IVE	1376680251	bid	78.35
IVE	1376680251	ask	78.36
IVE	1376680257	price	78.35
IVE	1376680268	price	78.34
IVE	1376680268	bid	78.33
IVE	1376680268	ask	78.34
IVE	1376680271	price	78.3398
IVE	1376680271	ask	78.35
IVE	1376680286	price	78.34
IVE	1376680286	ask	78.34
IVE	1376680286	bid	78.34
IVE	1376680286	ask	78.35
IVE	1376680303	price	78.3399
IVE	1376680303	bid	78.32
IVE	1376680303	ask	78.34
IVE	1376680346	price	78.33
IVE	1376680346	bid	78.33
IVE	1376680350	price	78.344
IVE	1376680350	ask	78.35
IVE	1376680400	price	78.3365
IVE	1376680400	ask	78.34
IVE	1376680401	price	78.33
IVE	1376680468	price	78.34
IVE	1376680475	ask	78.35
IVE	1376680475	price	78.35
IVE	1376680475	bid	78.34
IVE	1376680475	ask	78.36
IVE	1376680475	price	78.34
IVE	1376680475	ask	78.35
IVE	1376680479	price	78.35
IVE	1376680479	bid	78.35
IVE	1376680495	price	78.3301
IVE	1376680495	bid	78.33
IVE	1376680502	price	78.35
IVE	1376680502	bid	78.34
IVE	1376680519	bid	78.35
IVE	1376680519	ask	78.36
IVE	1376680547	bid	78.34
IVE	1376680547	ask	78.35
IVE	1376680562	price	78.34
IVE	1376680590	price	78.3495
IVE	1376680630	price	78.334
IVE	1376680630	bid	78.33
IVE	1376680637	price	78.331
IVE	1376680637	bid	78.34
IVE	1376680653	price	78.35
IVE	1376680653	bid	78.35
IVE	1376680653	ask	78.36
IVE	1376680668	price	78.3499
IVE	1376680668	bid	78.33
IVE	1376680668	ask	78.35
IVE	1376680668	price	78.346
IVE	1376680700	price	78.34
IVE	1376680700	ask	78.34
IVE	1376680753	price	78.33
IVE	1376680754	ask	78.33
IVE	1376680757	price	78.3299
IVE	1376680757	bid	78.32
IVE	1376680757	price	78.32
IVE	1376680775	price	78.31
IVE	1376680775	bid	78.31
IVE	1376680775	ask	78.31
IVE	1376680790	price	78.3
IVE	1376680790	bid	78.3
IVE	1376680791	price	78.3001
IVE	1376680793	price	78.301
IVE	1376680793	bid	78.29
IVE	1376680793	ask	78.3
IVE	1376680810	price	78.29
IVE	1376680821	bid	78.28
IVE	1376680821	ask	78.29
IVE	1376680821	bid	78.29
IVE	1376680821	ask	78.3
IVE	1376680828	price	78.28
IVE	1376680828	bid	78.28
IVE	1376680828	ask	78.29
IVE	1376680846	price	78.29
IVE	1376680886	price	78.3
IVE	1376680886	bid	78.29
IVE	1376680886	ask	78.3
IVE	1376680934	price	78.32
IVE	1376680934	bid	78.31
IVE	1376680934	ask	78.32
IVE	1376680939	price	78.314
IVE	1376680965	price	78.3299
IVE	1376680965	bid	78.32
IVE	1376680965	ask	78.33
IVE	1376681004	price	78.34
IVE	1376681004	bid	78.33
IVE	1376681004	ask	78.34
IVE	1376681027	price	78.35
IVE	1376681027	bid	78.34
IVE	1376681027	ask	78.35
IVE	1376681067	price	78.34
IVE	1376681081	price	78.33
IVE	1376681081	bid	78.33
IVE	1376681081	ask	78.34
IVE	1376681217	price	78.31
IVE	1376681217	bid	78.3
IVE	1376681217	ask	78.31
IVE	1376681218	price	78.3001
IVE	1376681262	price	78.3099
IVE	1376681262	bid	78.29
IVE	1376681262	price	78.3059
IVE	1376681270	price	78.3
IVE	1376681270	ask	78.3
IVE	1376681290	price	78.31
IVE	1376681290	bid	78.3
IVE	1376681290	ask	78.32
IVE	1376681304	price	78.3149
IVE	1376681304	bid	78.31
IVE	1376681308	price	78.3196
IVE	1376681311	price	78.32
IVE	1376681311	bid	78.32
IVE	1376681311	ask	78.33
IVE	1376681333	price	78.3301
IVE	1376681333	bid	78.33
IVE	1376681333	ask	78.35
IVE	1376681342	price	78.34
IVE	1376681342	ask	78.34
IVE	1376681344	price	78.33
IVE	1376681344	bid	78.32
IVE	1376681344	ask	78.33
IVE	1376681348	price	78.3299
IVE	1376681404	price	78.33
IVE	1376681407	price	78.34
IVE	1376681407	bid	78.34
IVE	1376681407	ask	78.35
IVE	1376681410	bid	78.33
IVE	1376681410	ask	78.34
IVE	1376681476	price	78.35
IVE	1376681476	bid	78.34
IVE	1376681476	ask	78.36
IVE	1376681487	ask	78.35
IVE	1376681492	price	78.34
IVE	1376681492	bid	78.33
IVE	1376681492	ask	78.34
IVE	1376681531	bid	78.34
IVE	1376681531	ask	78.35
IVE	1376681598	price	78.36
IVE	1376681598	bid	78.36
IVE	1376681598	ask	78.37
IVE	1376681659	price	78.38
IVE	1376681659	bid	78.37
IVE	1376681659	ask	78.38
IVE	1376681659	price	78.3799
IVE	1376681690	price	78.38
IVE	1376681745	bid	78.38
IVE	1376681824	price	78.4
IVE	1376681824	bid	78.39
IVE	1376681824	ask	78.4
IVE	1376681830	bid	78.4
IVE	1376681830	ask	78.41
IVE	1376681835	bid	78.39
IVE	1376681835	ask	78.4
IVE	1376681855	price	78.419
IVE	1376681855	bid	78.4
IVE	1376681855	ask	78.42
IVE	1376681868	price	78.42
IVE	1376681868	bid	78.41
IVE	1376681896	price	78.4195
IVE	1376681897	price	78.4209
IVE	1376681897	bid	78.42
IVE	1376681897	ask	78.43
IVE	1376681900	price	78.42
IVE	1376681900	bid	78.41
IVE	1376681900	ask	78.42
IVE	1376681902	bid	78.42
IVE	1376681902	ask	78.43
IVE	1376681902	price	78.43
IVE	1376681902	bid	78.43
IVE	1376681902	ask	78.44
IVE	1376681909	price	78.45
IVE	1376681909	bid	78.45
IVE	1376681909	ask	78.46
IVE	1376681912	price	78.44
IVE	1376681912	bid	78.43
IVE	1376681912	ask	78.44
IVE	1376681924	price	78.43
IVE	1376681924	bid	78.42
IVE	1376681924	ask	78.43
IVE	1376681961	bid	78.43
IVE	1376681961	ask	78.44
IVE	1376681969	bid	78.42
IVE	1376681969	ask	78.43
IVE	1376681970	price	78.42
IVE	1376681970	bid	78.41
IVE	1376681970	ask	78.42
IVE	1376682070	price	78.43
IVE	1376682070	bid	78.42
IVE	1376682070	ask	78.43
IVE	1376682166	price	78.41
IVE	1376682166	bid	78.4
IVE	1376682166	ask	78.41
IVE	1376682177	ask	78.42
IVE	1376682350	price	78.3958
IVE	1376682350	bid	78.38
IVE	1376682350	ask	78.4
IVE	1376682404	price	78.389
IVE	1376682404	bid	78.37
IVE	1376682404	ask	78.39
IVE	1376682417	price	78.39
IVE	1376682417	bid	78.38
IVE	1376682417	ask	78.4
IVE	1376682417	price	78.3911
IVE	1376682444	price	78.38
IVE	1376682444	ask	78.39
IVE	1376682461	bid	78.37
IVE	1376682461	ask	78.38
IVE	1376682483	price	78.37
IVE	1376682488	price	78.36
IVE	1376682488	bid	78.35
IVE	1376682488	ask	78.36
IVE	1376682494	price	78.35
IVE	1376682494	bid	78.34
IVE	1376682494	ask	78.35
IVE	1376682501	price	78.3401
IVE	1376682522	price	78.34
IVE	1376682522	bid	78.33
IVE	1376682522	ask	78.34
IVE	1376682523	price	78.33
IVE	1376682523	bid	78.32
IVE	1376682523	ask	78.33
IVE	1376682540	price	78.34
IVE	1376682540	bid	78.33
IVE	1376682540	ask	78.34
IVE	1376682560	price	78.3326
IVE	1376682560	ask	78.35
IVE	1376682595	price	78.34
IVE	1376682595	bid	78.34
IVE	1376682647	price	78.36
IVE	1376682647	bid	78.35
IVE	1376682647	ask	78.36
IVE	1376682647	price	78.3574
IVE	1376682653	price	78.3499
IVE	1376682653	bid	78.34
IVE	1376682653	ask	78.35
IVE	1376682662	price	78.34
IVE	1376682696	price	78.3432
IVE	1376682701	price	78.36
IVE	1376682701	bid	78.35
IVE	1376682701	ask	78.36
IVE	1376682746	price	78.33
IVE	1376682746	bid	78.33
IVE	1376682746	ask	78.34
IVE	1376682751	bid	78.32
IVE	1376682751	ask	78.33
IVE	1376682795	ask	78.34
IVE	1376682837	price	78.32
IVE	1376682837	bid	78.31
IVE	1376682837	ask	78.32
IVE	1376682837	price	78.3138
IVE	1376682837	price	78.32
IVE	1376682862	price	78.31
IVE	1376682862	bid	78.3
IVE	1376682862	ask	78.31
IVE	1376682864	price	78.306
IVE	1376682874	price	78.31
IVE	1376682881	price	78.32
IVE	1376682881	bid	78.31
IVE	1376682881	ask	78.32
IVE	1376682884	ask	78.33
IVE	1376682891	ask	78.32
IVE	1376682896	ask	78.33
IVE	1376682896	ask	78.32
IVE	1376682943	price	78.34
IVE	1376682943	bid	78.33
IVE	1376682943	ask	78.34
IVE	1376682943	price	78.331
IVE	1376682964	price	78.3395
IVE	1376682964	bid	78.32
IVE	1376682967	price	78.3245
IVE	1376682971	price	78.3395
IVE	1376682971	bid	78.33
IVE	1376682979	price	78.3368
IVE	1376682979	bid	78.32
IVE	1376682984	price	78.3233
IVE	1376682984	price	78.32
IVE	1376682985	price	78.324
IVE	1376683029	price	78.32
IVE	1376683029	bid	78.31
IVE	1376683029	ask	78.33
IVE	1376683029	ask	78.32
IVE	1376683036	price	78.31
IVE	1376683041	price	78.32
IVE	1376683083	bid	78.32
IVE	1376683083	ask	78.33
IVE	1376683091	price	78.31
IVE	1376683091	bid	78.31
IVE	1376683091	ask	78.32
IVE	1376683091	price	78.315
IVE	1376683094	price	78.32
IVE	1376683094	bid	78.32
IVE	1376683094	ask	78.33
IVE	1376683110	bid	78.31
IVE	1376683110	ask	78.32
IVE	1376683128	price	78.3299
IVE	1376683128	bid	78.32
IVE	1376683128	ask	78.33
IVE	1376683140	price	78.31
IVE	1376683140	bid	78.31
IVE	1376683140	ask	78.32
IVE	1376683149	bid	78.3
IVE	1376683157	ask	78.31
IVE	1376683158	bid	78.31
IVE	1376683158	ask	78.32
IVE	1376683173	price	78.27
IVE	1376683173	bid	78.27
IVE	1376683173	ask	78.29
IVE	1376683176	price	78.28
IVE	1376683180	bid	78.28
IVE	1376683180	bid	78.27
IVE	1376683181	price	78.27
IVE	1376683181	price	78.26
IVE	1376683181	bid	78.26
IVE	1376683181	ask	78.28
IVE	1376683190	price	78.28
IVE	1376683190	bid	78.28
IVE	1376683190	ask	78.29
IVE	1376683193	bid	78.27
IVE	1376683193	ask	78.28
IVE	1376683194	price	78.26
IVE	1376683194	bid	78.25
IVE	1376683194	ask	78.26
IVE	1376683195	price	78.25
IVE	1376683195	ask	78.27
IVE	1376683196	bid	78.24
IVE	1376683196	ask	78.26
IVE	1376683196	price	78.24
IVE	1376683197	price	78.25
IVE	1376683197	ask	78.25
IVE	1376683197	bid	78.25
IVE	1376683197	ask	78.26
IVE	1376683199	price	78.26
IVE	1376683199	bid	78.24
IVE	1376683199	bid	78.25
IVE	1376683199	ask	78.27
IVE	1376683200	price	78.25
IVE	1376683200	ask	78.28
