IVE	1601559000	price	113.0
IVE	1601559000	bid	112.98
IVE	1601559000	ask	113.15
IVE	1601559004	bid	112.99
IVE	1601559004	ask	113.08
IVE	1601559005	price	113.0363
IVE	1601559005	ask	113.06
IVE	1601559010	price	113.06
IVE	1601559010	bid	113.01
IVE	1601559010	ask	113.1
IVE	1601559015	price	112.97
IVE	1601559015	bid	112.93
IVE	1601559015	ask	113.04
IVE	1601559015	price	112.98
IVE	1601559045	price	113.0
IVE	1601559045	bid	112.99
IVE	1601559045	ask	113.0
IVE	1601559045	price	112.99
IVE	1601559045	bid	112.95
IVE	1601559045	ask	112.99
IVE	1601559062	price	112.98
IVE	1601559062	bid	112.97
IVE	1601559063	price	112.97
IVE	1601559063	bid	112.96
IVE	1601559063	ask	112.98
IVE	1601559064	price	113.01
IVE	1601559064	bid	112.97
IVE	1601559064	ask	113.04
IVE	1601559064	bid	112.99
IVE	1601559065	price	113.0
IVE	1601559065	ask	113.07
IVE	1601559071	bid	112.98
IVE	1601559071	ask	113.0
IVE	1601559071	price	112.99
IVE	1601559072	price	112.98
IVE	1601559072	bid	112.93
IVE	1601559072	ask	112.98
IVE	1601559079	bid	112.98
IVE	1601559079	ask	113.01
IVE	1601559079	bid	112.97
IVE	1601559079	ask	112.98
IVE	1601559090	price	113.0
IVE	1601559090	bid	112.98
IVE	1601559090	ask	113.0
IVE	1601559120	price	113.01
IVE	1601559120	bid	113.01
IVE	1601559120	ask	113.05
IVE	1601559120	price	113.02
IVE	1601559120	price	113.01
IVE	1601559120	bid	113.0
IVE	1601559120	ask	113.01
IVE	1601559120	price	113.0
IVE	1601559120	bid	112.98
IVE	1601559120	bid	112.97
IVE	1601559127	price	113.03
IVE	1601559127	bid	113.02
IVE	1601559127	ask	113.07
IVE	1601559128	price	113.02
IVE	1601559128	bid	113.01
IVE	1601559128	ask	113.06
IVE	1601559139	price	113.1
IVE	1601559139	bid	113.03
IVE	1601559139	ask	113.1
IVE	1601559139	price	113.09
IVE	1601559139	bid	113.08
IVE	1601559139	ask	113.09
IVE	1601559140	price	113.08
IVE	1601559140	bid	113.07
IVE	1601559140	ask	113.08
IVE	1601559142	price	113.1
IVE	1601559142	bid	113.08
IVE	1601559142	ask	113.13
IVE	1601559142	price	113.105
IVE	1601559142	price	113.1
IVE	1601559142	price	113.11
IVE	1601559142	price	113.12
IVE	1601559142	price	113.115
IVE	1601559142	price	113.118
IVE	1601559142	price	113.12
IVE	1601559142	price	113.11
IVE	1601559142	price	113.115
IVE	1601559146	price	113.14
IVE	1601559146	bid	113.1
IVE	1601559146	ask	113.14
IVE	1601559147	price	113.13
IVE	1601559147	bid	113.12
IVE	1601559147	ask	113.13
IVE	1601559148	price	113.12
IVE	1601559148	bid	113.11
IVE	1601559148	ask	113.12
IVE	1601559150	price	113.11
IVE	1601559150	bid	113.09
IVE	1601559150	ask	113.11
IVE	1601559150	bid	113.11
IVE	1601559150	ask	113.12
IVE	1601559150	price	113.12
IVE	1601559150	price	113.11
IVE	1601559150	bid	113.1
IVE	1601559150	ask	113.11
IVE	1601559151	bid	113.11
IVE	1601559151	ask	113.12
IVE	1601559151	bid	113.1
IVE	1601559151	ask	113.11
IVE	1601559151	bid	113.11
IVE	1601559151	ask	113.13
IVE	1601559152	bid	113.1
IVE	1601559154	ask	113.12
IVE	1601559155	price	113.1
IVE	1601559155	bid	113.09
IVE	1601559158	price	113.13
IVE	1601559158	bid	113.12
IVE	1601559158	ask	113.13
IVE	1601559159	bid	113.13
IVE	1601559159	ask	113.16
IVE	1601559159	bid	113.12
IVE	1601559159	ask	113.13
IVE	1601559160	bid	113.13
IVE	1601559160	ask	113.16
IVE	1601559160	bid	113.12
IVE	1601559160	ask	113.13
IVE	1601559161	price	113.11
IVE	1601559161	bid	113.1
IVE	1601559162	price	113.08
IVE	1601559162	bid	113.09
IVE	1601559162	bid	113.08
IVE	1601559162	ask	113.12
IVE	1601559186	price	113.2
IVE	1601559186	bid	113.19
IVE	1601559186	ask	113.22
IVE	1601559187	price	113.19
IVE	1601559187	bid	113.18
IVE	1601559187	ask	113.2
IVE	1601559201	price	113.29
IVE	1601559201	bid	113.28
IVE	1601559201	ask	113.32
IVE	1601559206	bid	113.29
IVE	1601559209	price	113.34
IVE	1601559209	bid	113.33
IVE	1601559209	ask	113.34
IVE	1601559209	bid	113.34
IVE	1601559209	ask	113.37
IVE	1601559213	price	113.33
IVE	1601559213	bid	113.32
IVE	1601559213	ask	113.34
IVE	1601559213	price	113.32
IVE	1601559216	price	113.35
IVE	1601559216	bid	113.34
IVE	1601559216	ask	113.35
IVE	1601559216	price	113.34
IVE	1601559216	bid	113.33
IVE	1601559221	price	113.37
IVE	1601559221	bid	113.38
IVE	1601559221	ask	113.41
IVE	1601559221	price	113.38
IVE	1601559221	bid	113.37
IVE	1601559221	ask	113.39
IVE	1601559222	price	113.37
IVE	1601559222	bid	113.36
IVE	1601559222	ask	113.4
IVE	1601559223	price	113.38
IVE	1601559223	bid	113.38
IVE	1601559223	ask	113.41
IVE	1601559223	bid	113.37
IVE	1601559223	ask	113.4
IVE	1601559224	price	113.37
IVE	1601559224	bid	113.36
IVE	1601559224	ask	113.39
IVE	1601559224	price	113.36
IVE	1601559224	bid	113.34
IVE	1601559224	ask	113.36
IVE	1601559224	price	113.34
IVE	1601559226	bid	113.33
IVE	1601559226	bid	113.34
IVE	1601559227	bid	113.33
IVE	1601559227	ask	113.35
IVE	1601559228	price	113.33
IVE	1601559228	bid	113.32
IVE	1601559228	ask	113.34
IVE	1601559229	price	113.32
IVE	1601559229	bid	113.33
IVE	1601559229	bid	113.32
IVE	1601559230	bid	113.31
IVE	1601559230	ask	113.32
IVE	1601559230	price	113.33
IVE	1601559230	price	113.32
IVE	1601559230	bid	113.32
IVE	1601559230	ask	113.34
IVE	1601559230	bid	113.31
IVE	1601559230	ask	113.32
IVE	1601559230	price	113.31
IVE	1601559230	bid	113.32
IVE	1601559230	ask	113.34
IVE	1601559230	price	113.33
IVE	1601559231	price	113.32
IVE	1601559231	bid	113.31
IVE	1601559231	ask	113.32
IVE	1601559231	price	113.31
IVE	1601559231	bid	113.3
IVE	1601559231	bid	113.31
IVE	1601559231	bid	113.3
IVE	1601559231	ask	113.31
IVE	1601559232	price	113.3
IVE	1601559232	ask	113.32
IVE	1601559233	ask	113.31
IVE	1601559233	bid	113.29
IVE	1601559233	ask	113.3
IVE	1601559234	bid	113.3
IVE	1601559234	ask	113.31
IVE	1601559234	bid	113.29
IVE	1601559234	ask	113.3
IVE	1601559234	bid	113.3
IVE	1601559234	ask	113.31
IVE	1601559235	bid	113.29
IVE	1601559237	price	113.29
IVE	1601559237	bid	113.28
IVE	1601559237	price	113.28
IVE	1601559237	bid	113.29
IVE	1601559238	bid	113.28
IVE	1601559239	price	113.3
IVE	1601559239	bid	113.3
IVE	1601559239	ask	113.32
IVE	1601559240	price	113.31
IVE	1601559240	bid	113.31
IVE	1601559240	bid	113.3
IVE	1601559240	ask	113.31
IVE	1601559240	bid	113.31
IVE	1601559240	bid	113.3
IVE	1601559240	ask	113.32
IVE	1601559245	price	113.34
IVE	1601559245	bid	113.34
IVE	1601559245	ask	113.35
IVE	1601559245	price	113.33
IVE	1601559245	bid	113.33
IVE	1601559246	price	113.36
IVE	1601559246	bid	113.35
IVE	1601559246	ask	113.38
IVE	1601559247	price	113.35
IVE	1601559247	bid	113.34
IVE	1601559247	ask	113.35
IVE	1601559250	price	113.34
IVE	1601559250	ask	113.36
IVE	1601559250	bid	113.33
IVE	1601559250	ask	113.34
IVE	1601559252	ask	113.35
IVE	1601559258	price	113.31
IVE	1601559258	bid	113.3
IVE	1601559258	ask	113.33
IVE	1601559261	price	113.29
IVE	1601559261	bid	113.29
IVE	1601559261	ask	113.32
IVE	1601559273	price	113.31
IVE	1601559273	bid	113.3
IVE	1601559273	ask	113.33
IVE	1601559278	price	113.26
IVE	1601559278	bid	113.24
IVE	1601559278	ask	113.29
IVE	1601559293	price	113.2
IVE	1601559293	bid	113.19
IVE	1601559293	ask	113.2
IVE	1601559294	price	113.19
IVE	1601559294	bid	113.18
IVE	1601559294	ask	113.21
IVE	1601559301	price	113.2
IVE	1601559301	bid	113.19
IVE	1601559301	ask	113.2
IVE	1601559301	bid	113.2
IVE	1601559301	ask	113.22
IVE	1601559301	bid	113.19
IVE	1601559301	ask	113.2
IVE	1601559301	bid	113.2
IVE	1601559301	ask	113.22
IVE	1601559302	price	113.21
IVE	1601559302	ask	113.21
IVE	1601559302	ask	113.22
IVE	1601559302	ask	113.21
IVE	1601559302	price	113.22
IVE	1601559302	bid	113.22
IVE	1601559302	ask	113.24
IVE	1601559312	price	113.26
IVE	1601559312	bid	113.24
IVE	1601559312	ask	113.27
IVE	1601559316	price	113.3
IVE	1601559316	bid	113.29
IVE	1601559316	ask	113.3
IVE	1601559323	price	113.26
IVE	1601559323	bid	113.25
IVE	1601559323	ask	113.26
IVE	1601559332	price	113.2
IVE	1601559332	bid	113.2
IVE	1601559332	ask	113.21
IVE	1601559338	price	113.23
IVE	1601559338	bid	113.22
IVE	1601559338	ask	113.24
IVE	1601559345	price	113.24
IVE	1601559345	bid	113.23
IVE	1601559345	ask	113.25
IVE	1601559363	ask	113.26
IVE	1601559429	price	113.19
IVE	1601559429	bid	113.19
IVE	1601559429	ask	113.22
IVE	1601559519	price	113.2237
IVE	1601559519	bid	113.22
IVE	1601559519	ask	113.24
IVE	1601559523	price	113.21
IVE	1601559523	bid	113.19
IVE	1601559523	ask	113.22
IVE	1601559525	price	113.17
IVE	1601559525	bid	113.16
IVE	1601559525	ask	113.18
IVE	1601559526	price	113.16
IVE	1601559526	bid	113.15
IVE	1601559526	ask	113.17
IVE	1601559527	price	113.15
IVE	1601559527	price	113.13
IVE	1601559527	bid	113.12
IVE	1601559527	ask	113.13
IVE	1601559527	ask	113.15
IVE	1601559535	price	113.17
IVE	1601559535	bid	113.17
IVE	1601559535	ask	113.19
IVE	1601559567	price	113.29
IVE	1601559567	bid	113.29
IVE	1601559567	ask	113.32
IVE	1601559568	price	113.26
IVE	1601559568	bid	113.25
IVE	1601559568	ask	113.28
IVE	1601559606	price	113.2
IVE	1601559606	bid	113.17
IVE	1601559606	ask	113.21
IVE	1601559628	price	113.21
IVE	1601559628	bid	113.19
IVE	1601559628	ask	113.22
IVE	1601559631	price	113.22
IVE	1601559631	bid	113.2
IVE	1601559638	price	113.21
IVE	1601559638	ask	113.21
IVE	1601559699	price	113.14
IVE	1601559699	bid	113.13
IVE	1601559699	ask	113.15
IVE	1601559699	price	113.13
IVE	1601559699	price	113.12
IVE	1601559699	bid	113.12
IVE	1601559699	ask	113.13
IVE	1601559699	price	113.13
IVE	1601559699	bid	113.13
IVE	1601559699	ask	113.14
IVE	1601559703	price	113.16
IVE	1601559703	bid	113.16
IVE	1601559703	ask	113.17
IVE	1601559762	price	113.4
IVE	1601559762	bid	113.4
IVE	1601559762	ask	113.42
IVE	1601559773	price	113.37
IVE	1601559773	bid	113.36
IVE	1601559773	ask	113.39
IVE	1601559780	price	113.31
IVE	1601559780	bid	113.29
IVE	1601559780	ask	113.31
IVE	1601559783	price	113.25
IVE	1601559783	bid	113.25
IVE	1601559783	ask	113.27
IVE	1601559785	price	113.22
IVE	1601559785	bid	113.22
IVE	1601559785	ask	113.25
IVE	1601559787	price	113.24
IVE	1601559787	bid	113.23
IVE	1601559787	ask	113.26
IVE	1601559808	price	113.18
IVE	1601559808	bid	113.17
IVE	1601559808	ask	113.18
IVE	1601559809	price	113.2
IVE	1601559809	bid	113.2
IVE	1601559809	ask	113.23
IVE	1601559812	price	113.22
IVE	1601559812	bid	113.22
IVE	1601559812	ask	113.25
IVE	1601559831	price	113.19
IVE	1601559831	bid	113.19
IVE	1601559831	ask	113.22
IVE	1601559865	price	113.12
IVE	1601559865	bid	113.11
IVE	1601559865	ask	113.13
IVE	1601559897	price	113.13
IVE	1601559897	bid	113.12
IVE	1601559898	price	113.08
IVE	1601559898	bid	113.08
IVE	1601559898	ask	113.11
IVE	1601559898	ask	113.12
IVE	1601559898	price	113.07
IVE	1601559898	bid	113.07
IVE	1601559898	ask	113.1
IVE	1601559905	price	113.06
IVE	1601559905	bid	113.05
IVE	1601559905	ask	113.08
IVE	1601559905	price	113.05
IVE	1601559905	bid	113.02
IVE	1601559905	ask	113.07
IVE	1601559912	price	113.07
IVE	1601559912	bid	113.03
IVE	1601559912	price	113.08
IVE	1601559912	price	113.07
IVE	1601559912	price	113.08
IVE	1601559912	bid	113.07
IVE	1601559912	price	113.07
IVE	1601559912	ask	113.08
IVE	1601559912	price	113.09
IVE	1601559912	bid	113.08
IVE	1601559912	ask	113.09
IVE	1601559913	price	113.1001
IVE	1601559913	bid	113.1
IVE	1601559913	ask	113.12
IVE	1601559915	price	113.08
IVE	1601559915	bid	113.08
IVE	1601559915	ask	113.11
IVE	1601559941	price	113.1
IVE	1601559941	bid	113.09
IVE	1601559941	ask	113.1
IVE	1601559956	price	113.09
IVE	1601559956	ask	113.11
IVE	1601559969	price	113.05
IVE	1601559969	bid	113.04
IVE	1601559969	ask	113.05
IVE	1601559983	price	113.02
IVE	1601559983	bid	113.01
IVE	1601559983	ask	113.02
IVE	1601559984	price	113.01
IVE	1601559984	bid	113.0
IVE	1601559988	price	113.0093
IVE	1601559988	bid	112.99
IVE	1601560008	price	113.01
IVE	1601560008	bid	113.01
IVE	1601560008	ask	113.04
IVE	1601560008	price	113.0
IVE	1601560008	bid	113.0
IVE	1601560008	ask	113.03
IVE	1601560013	price	112.97
IVE	1601560013	bid	112.95
IVE	1601560013	ask	112.97
IVE	1601560025	price	113.02
IVE	1601560025	bid	113.0
IVE	1601560025	ask	113.04
IVE	1601560026	price	113.01
IVE	1601560026	ask	113.01
IVE	1601560026	price	113.0
IVE	1601560026	bid	112.99
IVE	1601560026	ask	113.0
IVE	1601560036	price	113.03
IVE	1601560036	bid	113.02
IVE	1601560036	ask	113.03
IVE	1601560041	price	113.0
IVE	1601560041	bid	112.97
IVE	1601560041	ask	113.0
IVE	1601560055	price	113.03
IVE	1601560055	bid	113.03
IVE	1601560055	ask	113.06
IVE	1601560055	price	113.02
IVE	1601560059	price	113.01
IVE	1601560059	bid	113.0
IVE	1601560059	ask	113.01
IVE	1601560060	price	113.0
IVE	1601560060	bid	112.99
IVE	1601560063	price	112.97
IVE	1601560063	bid	112.95
IVE	1601560063	ask	112.97
IVE	1601560088	ask	112.98
IVE	1601560096	price	112.99
IVE	1601560096	bid	112.99
IVE	1601560096	ask	113.01
IVE	1601560108	price	113.0377
IVE	1601560108	bid	113.03
IVE	1601560108	ask	113.06
IVE	1601560117	price	113.06
IVE	1601560117	bid	113.05
IVE	1601560128	price	113.1
IVE	1601560128	bid	113.09
IVE	1601560128	ask	113.1
IVE	1601560132	price	113.09
IVE	1601560132	bid	113.08
IVE	1601560132	ask	113.09
IVE	1601560157	price	113.14
IVE	1601560157	bid	113.13
IVE	1601560157	ask	113.14
IVE	1601560162	price	113.13
IVE	1601560162	bid	113.12
IVE	1601560162	ask	113.13
IVE	1601560172	price	113.199
IVE	1601560172	bid	113.17
IVE	1601560172	ask	113.2
IVE	1601560173	price	113.17
IVE	1601560173	bid	113.16
IVE	1601560173	ask	113.17
IVE	1601560176	ask	113.19
IVE	1601560179	price	113.16
IVE	1601560179	bid	113.15
IVE	1601560179	ask	113.16
IVE	1601560182	price	113.1479
IVE	1601560182	bid	113.13
IVE	1601560188	price	113.15
IVE	1601560188	ask	113.15
IVE	1601560195	price	113.11
IVE	1601560195	bid	113.11
IVE	1601560195	ask	113.12
IVE	1601560258	price	113.15
IVE	1601560258	bid	113.14
IVE	1601560258	ask	113.17
IVE	1601560266	price	113.1
IVE	1601560266	bid	113.08
IVE	1601560266	ask	113.1
IVE	1601560276	price	113.09
IVE	1601560276	bid	113.07
IVE	1601560276	ask	113.09
IVE	1601560281	bid	113.09
IVE	1601560281	ask	113.11
IVE	1601560295	price	113.12
IVE	1601560295	ask	113.12
IVE	1601560312	price	113.03
IVE	1601560312	bid	113.03
IVE	1601560312	ask	113.07
IVE	1601560317	price	113.07
IVE	1601560317	bid	113.06
IVE	1601560317	bid	113.07
IVE	1601560317	ask	113.09
IVE	1601560320	price	113.06
IVE	1601560320	bid	113.05
IVE	1601560320	ask	113.07
IVE	1601560321	price	113.05
IVE	1601560321	bid	113.04
IVE	1601560321	ask	113.05
IVE	1601560335	price	112.98
IVE	1601560335	bid	112.98
IVE	1601560335	ask	113.0
IVE	1601560352	price	113.0501
IVE	1601560352	bid	113.05
IVE	1601560352	ask	113.08
IVE	1601560355	price	113.04
IVE	1601560355	bid	113.03
IVE	1601560355	ask	113.04
IVE	1601560380	price	112.89
IVE	1601560380	bid	112.89
IVE	1601560380	ask	112.93
IVE	1601560380	ask	112.92
IVE	1601560380	price	112.9
IVE	1601560380	price	112.86
IVE	1601560380	bid	112.86
IVE	1601560380	ask	112.88
IVE	1601560380	price	112.85
IVE	1601560380	price	112.86
IVE	1601560380	price	112.85
IVE	1601560386	price	112.86
IVE	1601560386	ask	112.89
IVE	1601560388	price	112.89
IVE	1601560388	bid	112.89
IVE	1601560388	ask	112.9
IVE	1601560389	bid	112.88
IVE	1601560389	ask	112.89
IVE	1601560395	price	112.88
IVE	1601560395	bid	112.87
IVE	1601560395	ask	112.88
IVE	1601560400	ask	112.89
IVE	1601560411	price	112.84
IVE	1601560411	bid	112.83
IVE	1601560411	ask	112.84
IVE	1601560424	price	112.8
IVE	1601560424	bid	112.8
IVE	1601560424	ask	112.83
IVE	1601560424	bid	112.78
IVE	1601560424	ask	112.81
IVE	1601560441	price	112.82
IVE	1601560441	bid	112.83
IVE	1601560441	ask	112.84
IVE	1601560441	price	112.83
IVE	1601560442	price	112.845
IVE	1601560442	ask	112.86
IVE	1601560442	bid	112.84
IVE	1601560443	price	112.85
IVE	1601560443	bid	112.85
IVE	1601560443	ask	112.88
IVE	1601560447	price	112.86
IVE	1601560447	bid	112.83
IVE	1601560447	ask	112.86
IVE	1601560453	price	112.84
IVE	1601560453	bid	112.8
IVE	1601560453	ask	112.83
IVE	1601560455	price	112.85
IVE	1601560455	bid	112.82
IVE	1601560455	ask	112.85
IVE	1601560457	price	112.84
IVE	1601560457	bid	112.81
IVE	1601560457	ask	112.84
IVE	1601560479	price	112.77
IVE	1601560479	bid	112.76
IVE	1601560479	ask	112.78
IVE	1601560479	price	112.76
IVE	1601560481	price	112.75
IVE	1601560481	bid	112.75
IVE	1601560481	ask	112.77
IVE	1601560481	price	112.74
IVE	1601560481	bid	112.74
IVE	1601560502	price	112.755
IVE	1601560506	price	112.725
IVE	1601560506	bid	112.71
IVE	1601560506	ask	112.74
IVE	1601560509	price	112.74
IVE	1601560509	bid	112.73
IVE	1601560514	price	112.79
IVE	1601560514	bid	112.78
IVE	1601560514	ask	112.8
IVE	1601560514	price	112.8
IVE	1601560514	bid	112.79
IVE	1601560514	ask	112.82
IVE	1601560514	price	112.81
IVE	1601560515	price	112.78
IVE	1601560515	bid	112.76
IVE	1601560515	ask	112.79
IVE	1601560519	ask	112.78
IVE	1601560525	price	112.79
IVE	1601560525	bid	112.78
IVE	1601560525	ask	112.79
IVE	1601560526	price	112.78
IVE	1601560526	bid	112.77
IVE	1601560526	ask	112.78
IVE	1601560528	price	112.77
IVE	1601560528	bid	112.76
IVE	1601560529	price	112.75
IVE	1601560529	bid	112.75
IVE	1601560529	ask	112.77
IVE	1601560529	price	112.77
IVE	1601560530	price	112.75
IVE	1601560537	bid	112.74
IVE	1601560537	ask	112.75
IVE	1601560538	price	112.73
IVE	1601560538	bid	112.73
IVE	1601560538	bid	112.72
IVE	1601560538	ask	112.73
IVE	1601560539	bid	112.74
IVE	1601560539	ask	112.75
IVE	1601560539	price	112.75
IVE	1601560539	ask	112.76
IVE	1601560577	price	112.77
IVE	1601560577	bid	112.76
IVE	1601560577	ask	112.77
IVE	1601560583	price	112.76
IVE	1601560583	bid	112.75
IVE	1601560590	price	112.8
IVE	1601560590	bid	112.78
IVE	1601560590	ask	112.8
IVE	1601560590	price	112.81
IVE	1601560590	bid	112.82
IVE	1601560590	ask	112.84
IVE	1601560680	price	112.76
IVE	1601560680	bid	112.75
IVE	1601560680	ask	112.78
IVE	1601560680	price	112.75
IVE	1601560680	bid	112.73
IVE	1601560680	ask	112.75
IVE	1601560680	price	112.7401
IVE	1601560692	price	112.71
IVE	1601560692	bid	112.69
IVE	1601560692	ask	112.71
IVE	1601560719	price	112.69
IVE	1601560719	bid	112.68
IVE	1601560719	ask	112.7
IVE	1601560721	price	112.6999
IVE	1601560721	bid	112.67
IVE	1601560729	price	112.67
IVE	1601560729	ask	112.68
IVE	1601560738	price	112.69
IVE	1601560738	ask	112.7
IVE	1601560739	price	112.67
IVE	1601560739	bid	112.66
IVE	1601560739	ask	112.68
IVE	1601560740	price	112.66
IVE	1601560740	price	112.64
IVE	1601560740	bid	112.64
IVE	1601560740	ask	112.65
IVE	1601560743	price	112.61
IVE	1601560743	bid	112.6
IVE	1601560743	ask	112.63
IVE	1601560747	price	112.59
IVE	1601560747	bid	112.58
IVE	1601560747	ask	112.61
IVE	1601560748	price	112.6
IVE	1601560748	bid	112.59
IVE	1601560748	ask	112.62
IVE	1601560751	price	112.61
IVE	1601560751	bid	112.6
IVE	1601560754	price	112.64
IVE	1601560754	bid	112.61
IVE	1601560754	ask	112.64
IVE	1601560761	price	112.61
IVE	1601560761	bid	112.6
IVE	1601560761	ask	112.63
IVE	1601560779	price	112.59
IVE	1601560779	bid	112.58
IVE	1601560779	ask	112.6
IVE	1601560781	price	112.57
IVE	1601560781	bid	112.57
IVE	1601560792	price	112.5958
IVE	1601560792	bid	112.55
IVE	1601560798	price	112.57
IVE	1601560798	bid	112.57
IVE	1601560798	ask	112.61
IVE	1601560800	price	112.58
IVE	1601560800	bid	112.58
IVE	1601560800	price	112.57
IVE	1601560800	price	112.56
IVE	1601560800	price	112.55
IVE	1601560800	price	112.56
IVE	1601560800	bid	112.5
IVE	1601560800	ask	112.56
IVE	1601560800	price	112.5
IVE	1601560800	bid	112.24
IVE	1601560800	ask	112.55
IVE	1601560801	price	112.54
IVE	1601560801	bid	112.49
IVE	1601560801	ask	112.54
IVE	1601560807	price	112.55
IVE	1601560807	bid	112.52
IVE	1601560807	ask	112.58
IVE	1601560810	price	112.58
IVE	1601560810	bid	112.56
IVE	1601560810	ask	112.61
IVE	1601560810	price	112.61
IVE	1601560810	bid	112.57
IVE	1601560810	ask	112.63
IVE	1601560844	price	112.57
IVE	1601560844	bid	112.56
IVE	1601560844	ask	112.57
IVE	1601560845	price	112.56
IVE	1601560845	bid	112.55
IVE	1601560848	price	112.545
IVE	1601560848	bid	112.53
IVE	1601560848	ask	112.56
IVE	1601560849	price	112.53
IVE	1601560849	bid	112.52
IVE	1601560849	ask	112.54
IVE	1601560858	price	112.49
IVE	1601560858	bid	112.5
IVE	1601560858	ask	112.53
IVE	1601560858	price	112.5
IVE	1601560858	price	112.49
IVE	1601560858	bid	112.49
IVE	1601560858	ask	112.5
IVE	1601560858	price	112.47
IVE	1601560858	bid	112.45
IVE	1601560858	ask	112.49
IVE	1601560859	price	112.45
IVE	1601560859	ask	112.48
IVE	1601560859	price	112.44
IVE	1601560859	bid	112.41
IVE	1601560859	ask	112.45
IVE	1601560862	price	112.49
IVE	1601560862	bid	112.49
IVE	1601560862	ask	112.5
IVE	1601560867	price	112.46
IVE	1601560867	bid	112.46
IVE	1601560867	ask	112.49
IVE	1601560867	price	112.47
IVE	1601560867	price	112.46
IVE	1601560867	price	112.45
IVE	1601560867	bid	112.45
IVE	1601560867	ask	112.46
IVE	1601560867	price	112.43
IVE	1601560867	bid	112.43
IVE	1601560867	ask	112.45
IVE	1601560875	price	112.45
IVE	1601560875	bid	112.44
IVE	1601560923	price	112.6
IVE	1601560923	bid	112.57
IVE	1601560923	ask	112.6
IVE	1601560940	price	112.5779
IVE	1601560940	bid	112.56
IVE	1601560940	ask	112.59
IVE	1601560987	price	112.6089
IVE	1601560987	bid	112.6
IVE	1601560987	ask	112.63
IVE	1601561030	price	112.49
IVE	1601561030	bid	112.48
IVE	1601561030	ask	112.49
IVE	1601561040	price	112.51
IVE	1601561040	bid	112.51
IVE	1601561040	ask	112.54
IVE	1601561040	price	112.5
IVE	1601561040	price	112.49
IVE	1601561040	bid	112.49
IVE	1601561040	ask	112.5
IVE	1601561040	price	112.48
IVE	1601561040	bid	112.48
IVE	1601561040	ask	112.49
IVE	1601561040	bid	112.46
IVE	1601561044	price	112.38
IVE	1601561044	bid	112.37
IVE	1601561044	ask	112.4
IVE	1601561049	price	112.4
IVE	1601561049	bid	112.39
IVE	1601561049	ask	112.42
IVE	1601561051	price	112.42
IVE	1601561051	bid	112.41
IVE	1601561051	ask	112.44
IVE	1601561059	price	112.38
IVE	1601561059	bid	112.37
IVE	1601561059	ask	112.39
IVE	1601561089	price	112.35
IVE	1601561089	bid	112.34
IVE	1601561089	ask	112.38
IVE	1601561100	price	112.33
IVE	1601561100	bid	112.33
IVE	1601561100	ask	112.37
IVE	1601561100	price	112.32
IVE	1601561100	price	112.33
IVE	1601561100	bid	112.29
IVE	1601561100	ask	112.32
IVE	1601561105	price	112.2991
IVE	1601561105	bid	112.26
IVE	1601561105	ask	112.3
IVE	1601561160	price	112.32
IVE	1601561160	bid	112.32
IVE	1601561160	ask	112.35
IVE	1601561186	price	112.24
IVE	1601561186	bid	112.24
IVE	1601561186	ask	112.28
IVE	1601561186	ask	112.27
IVE	1601561191	price	112.22
IVE	1601561191	bid	112.22
IVE	1601561191	ask	112.25
IVE	1601561193	price	112.21
IVE	1601561193	bid	112.17
IVE	1601561193	ask	112.21
IVE	1601561223	price	112.3
IVE	1601561223	bid	112.28
IVE	1601561223	ask	112.31
IVE	1601561276	ask	112.3
IVE	1601561277	bid	112.3
IVE	1601561277	ask	112.33
IVE	1601561277	bid	112.29
IVE	1601561288	price	112.3011
IVE	1601561288	bid	112.3
IVE	1601561349	price	112.34
IVE	1601561349	bid	112.33
IVE	1601561349	ask	112.37
IVE	1601561462	price	112.35
IVE	1601561462	bid	112.35
IVE	1601561462	ask	112.38
IVE	1601561462	price	112.36
IVE	1601561462	ask	112.39
IVE	1601561471	price	112.3403
IVE	1601561471	bid	112.33
IVE	1601561471	ask	112.36
IVE	1601561514	price	112.2
IVE	1601561514	bid	112.2
IVE	1601561514	ask	112.23
IVE	1601561552	price	112.24
IVE	1601561552	bid	112.23
IVE	1601561552	ask	112.24
IVE	1601561554	bid	112.24
IVE	1601561554	ask	112.27
IVE	1601561560	price	112.25
IVE	1601561560	bid	112.25
IVE	1601561560	ask	112.29
IVE	1601561568	price	112.22
IVE	1601561568	bid	112.22
IVE	1601561568	ask	112.25
IVE	1601561568	price	112.2
IVE	1601561568	bid	112.19
IVE	1601561568	ask	112.21
IVE	1601561568	price	112.21
IVE	1601561568	bid	112.18
IVE	1601561673	price	112.34
IVE	1601561673	bid	112.34
IVE	1601561673	ask	112.38
IVE	1601561684	bid	112.32
IVE	1601561684	ask	112.34
IVE	1601561711	price	112.4
IVE	1601561711	bid	112.36
IVE	1601561711	ask	112.4
IVE	1601561756	price	112.3697
IVE	1601561756	bid	112.34
IVE	1601561756	ask	112.37
IVE	1601561801	price	112.23
IVE	1601561801	bid	112.22
IVE	1601561801	ask	112.25
IVE	1601561808	price	112.26
IVE	1601561808	bid	112.24
IVE	1601561808	ask	112.26
IVE	1601561813	price	112.28
IVE	1601561813	bid	112.27
IVE	1601561813	ask	112.29
IVE	1601561814	price	112.3
IVE	1601561814	bid	112.3
IVE	1601561814	ask	112.31
IVE	1601561820	price	112.29
IVE	1601561820	bid	112.28
IVE	1601561820	ask	112.3
IVE	1601561832	price	112.32
IVE	1601561832	bid	112.3
IVE	1601561832	ask	112.32
IVE	1601561833	price	112.29
IVE	1601561833	price	112.28
IVE	1601561833	bid	112.27
IVE	1601561833	ask	112.3
IVE	1601561833	price	112.3
IVE	1601561833	price	112.29
IVE	1601561833	price	112.28
IVE	1601561833	price	112.3
IVE	1601561833	price	112.27
IVE	1601561833	price	112.29
IVE	1601561833	price	112.27
IVE	1601561833	price	112.26
IVE	1601561833	price	112.27
IVE	1601561833	price	112.26
IVE	1601561833	price	112.27
IVE	1601561833	ask	112.27
IVE	1601561833	price	112.26
IVE	1601561833	bid	112.26
IVE	1601561833	ask	112.26
IVE	1601561833	price	112.24
IVE	1601561833	bid	112.24
IVE	1601561833	ask	112.25
IVE	1601561833	price	112.25
IVE	1601561833	ask	112.26
IVE	1601561833	price	112.24
IVE	1601561833	bid	112.25
IVE	1601561833	price	112.25
IVE	1601561842	price	112.33
IVE	1601561842	bid	112.33
IVE	1601561842	ask	112.35
IVE	1601561846	price	112.37
IVE	1601561846	bid	112.35
IVE	1601561846	ask	112.37
IVE	1601561852	price	112.4
IVE	1601561852	bid	112.39
IVE	1601561852	ask	112.42
IVE	1601561887	price	112.45
IVE	1601561887	bid	112.44
IVE	1601561887	ask	112.47
IVE	1601561942	price	112.37
IVE	1601561942	bid	112.37
IVE	1601561942	ask	112.38
IVE	1601561948	price	112.35
IVE	1601561948	bid	112.35
IVE	1601561948	price	112.34
IVE	1601561948	price	112.35
IVE	1601561953	price	112.33
IVE	1601561953	bid	112.33
IVE	1601561953	ask	112.36
IVE	1601561954	price	112.35
IVE	1601561954	bid	112.34
IVE	1601561954	ask	112.37
IVE	1601561954	price	112.365
IVE	1601561954	bid	112.35
IVE	1601561954	ask	112.38
IVE	1601562074	price	112.4
IVE	1601562074	bid	112.4
IVE	1601562074	ask	112.42
IVE	1601562074	price	112.4299
IVE	1601562074	ask	112.43
IVE	1601562182	price	112.44
IVE	1601562182	bid	112.44
IVE	1601562182	ask	112.45
IVE	1601562295	price	112.3803
IVE	1601562295	bid	112.38
IVE	1601562295	ask	112.4
IVE	1601562314	price	112.25
IVE	1601562314	bid	112.25
IVE	1601562314	ask	112.27
IVE	1601562329	price	112.2
IVE	1601562329	bid	112.18
IVE	1601562329	ask	112.21
IVE	1601562358	price	112.2298
IVE	1601562358	bid	112.19
IVE	1601562358	ask	112.23
IVE	1601562363	price	112.215
IVE	1601562363	bid	112.2
IVE	1601562377	price	112.24
IVE	1601562377	bid	112.22
IVE	1601562377	ask	112.24
IVE	1601562390	ask	112.25
IVE	1601562403	price	112.22
IVE	1601562403	bid	112.21
IVE	1601562403	ask	112.22
IVE	1601562404	price	112.21
IVE	1601562404	bid	112.2
IVE	1601562404	ask	112.21
IVE	1601562408	price	112.18
IVE	1601562408	bid	112.17
IVE	1601562408	ask	112.18
IVE	1601562414	price	112.21
IVE	1601562414	bid	112.2
IVE	1601562414	ask	112.22
IVE	1601562490	price	112.25
IVE	1601562490	bid	112.24
IVE	1601562490	ask	112.25
IVE	1601562491	price	112.26
IVE	1601562491	bid	112.25
IVE	1601562491	ask	112.26
IVE	1601562506	price	112.25
IVE	1601562506	ask	112.28
IVE	1601562519	price	112.2383
IVE	1601562519	bid	112.21
IVE	1601562519	ask	112.24
IVE	1601562536	price	112.24
IVE	1601562536	bid	112.24
IVE	1601562536	ask	112.27
IVE	1601562545	price	112.25
IVE	1601562545	bid	112.25
IVE	1601562545	ask	112.28
IVE	1601562545	price	112.24
IVE	1601562574	price	112.26
IVE	1601562574	bid	112.26
IVE	1601562574	ask	112.29
IVE	1601562616	price	112.31
IVE	1601562616	bid	112.29
IVE	1601562616	ask	112.33
IVE	1601562631	price	112.265
IVE	1601562631	bid	112.25
IVE	1601562631	ask	112.28
IVE	1601562659	price	112.34
IVE	1601562659	bid	112.31
IVE	1601562659	ask	112.34
IVE	1601562686	price	112.461
IVE	1601562686	bid	112.46
IVE	1601562686	ask	112.49
IVE	1601562696	price	112.47
IVE	1601562696	bid	112.45
IVE	1601562696	ask	112.48
IVE	1601562771	price	112.504
IVE	1601562771	bid	112.49
IVE	1601562771	ask	112.51
IVE	1601562811	price	112.57
IVE	1601562811	bid	112.55
IVE	1601562811	ask	112.57
IVE	1601562811	price	112.58
IVE	1601562811	price	112.57
IVE	1601562820	price	112.6073
IVE	1601562820	bid	112.57
IVE	1601562820	ask	112.61
IVE	1601562895	price	112.66
IVE	1601562895	bid	112.66
IVE	1601562895	ask	112.68
IVE	1601562933	price	112.675
IVE	1601562933	ask	112.69
IVE	1601563041	price	112.709
IVE	1601563041	bid	112.7
IVE	1601563041	ask	112.73
IVE	1601563049	price	112.72
IVE	1601563049	bid	112.69
IVE	1601563049	ask	112.72
IVE	1601563055	price	112.7098
IVE	1601563128	price	112.7486
IVE	1601563128	bid	112.72
IVE	1601563128	ask	112.75
IVE	1601563139	price	112.7415
IVE	1601563139	bid	112.74
IVE	1601563139	ask	112.77
IVE	1601563163	price	112.7204
IVE	1601563163	bid	112.72
IVE	1601563163	ask	112.75
IVE	1601563191	price	112.74
IVE	1601563191	bid	112.71
IVE	1601563191	ask	112.74
IVE	1601563251	price	112.76
IVE	1601563251	bid	112.75
IVE	1601563251	ask	112.78
IVE	1601563314	price	112.83
IVE	1601563314	bid	112.81
IVE	1601563314	ask	112.83
IVE	1601563379	price	112.775
IVE	1601563379	bid	112.76
IVE	1601563379	ask	112.79
IVE	1601563418	price	112.735
IVE	1601563418	bid	112.71
IVE	1601563418	ask	112.74
IVE	1601563426	price	112.7
IVE	1601563426	bid	112.7
IVE	1601563426	ask	112.72
IVE	1601563426	price	112.69
IVE	1601563426	price	112.7
IVE	1601563441	price	112.71
IVE	1601563441	bid	112.69
IVE	1601563441	ask	112.73
IVE	1601563452	price	112.7
IVE	1601563452	ask	112.72
IVE	1601563465	price	112.715
IVE	1601563465	bid	112.7
IVE	1601563465	ask	112.73
IVE	1601563489	price	112.71
IVE	1601563489	bid	112.69
IVE	1601563489	ask	112.72
IVE	1601563514	price	112.6805
IVE	1601563514	bid	112.68
IVE	1601563514	ask	112.71
IVE	1601563552	price	112.742
IVE	1601563552	bid	112.74
IVE	1601563552	ask	112.76
IVE	1601563621	price	112.6
IVE	1601563621	bid	112.6
IVE	1601563621	ask	112.63
IVE	1601563636	price	112.5601
IVE	1601563636	bid	112.55
IVE	1601563636	ask	112.58
IVE	1601563649	price	112.56
IVE	1601563649	bid	112.56
IVE	1601563764	price	112.545
IVE	1601563764	bid	112.53
IVE	1601563764	ask	112.56
IVE	1601563774	price	112.55
IVE	1601563774	bid	112.54
IVE	1601563774	ask	112.55
IVE	1601563847	price	112.48
IVE	1601563847	bid	112.48
IVE	1601563847	ask	112.52
IVE	1601563919	price	112.5994
IVE	1601563919	bid	112.59
IVE	1601563919	ask	112.62
IVE	1601564015	price	112.51
IVE	1601564015	bid	112.51
IVE	1601564015	ask	112.54
IVE	1601564022	price	112.4957
IVE	1601564022	bid	112.5
IVE	1601564022	ask	112.52
IVE	1601564032	price	112.496
IVE	1601564032	bid	112.46
IVE	1601564032	ask	112.5
IVE	1601564049	price	112.44
IVE	1601564049	bid	112.44
IVE	1601564049	ask	112.48
IVE	1601564076	price	112.47
IVE	1601564076	bid	112.45
IVE	1601564144	price	112.49
IVE	1601564144	bid	112.46
IVE	1601564144	ask	112.49
IVE	1601564164	price	112.39
IVE	1601564164	bid	112.37
IVE	1601564164	ask	112.4
IVE	1601564168	price	112.3
IVE	1601564168	bid	112.3
IVE	1601564168	ask	112.32
IVE	1601564195	price	112.35
IVE	1601564195	bid	112.35
IVE	1601564195	ask	112.38
IVE	1601564225	price	112.34
IVE	1601564225	bid	112.33
IVE	1601564225	ask	112.34
IVE	1601564328	price	112.3709
IVE	1601564328	bid	112.35
IVE	1601564328	ask	112.38
IVE	1601564384	price	112.38
IVE	1601564384	bid	112.37
IVE	1601564384	ask	112.4
IVE	1601564397	price	112.51
IVE	1601564397	bid	112.48
IVE	1601564397	ask	112.51
IVE	1601564406	price	112.56
IVE	1601564406	bid	112.54
IVE	1601564406	ask	112.58
IVE	1601564455	price	112.35
IVE	1601564455	bid	112.33
IVE	1601564455	ask	112.36
IVE	1601564459	price	112.36
IVE	1601564459	bid	112.35
IVE	1601564459	ask	112.39
IVE	1601564464	price	112.38
IVE	1601564464	ask	112.38
IVE	1601564473	price	112.3907
IVE	1601564473	bid	112.37
IVE	1601564473	ask	112.4
IVE	1601564487	price	112.4
IVE	1601564526	price	112.3619
IVE	1601564526	bid	112.34
IVE	1601564526	ask	112.38
IVE	1601564539	price	112.3928
IVE	1601564539	bid	112.38
IVE	1601564539	ask	112.41
IVE	1601564565	price	112.44
IVE	1601564565	bid	112.44
IVE	1601564565	ask	112.47
IVE	1601564565	price	112.43
IVE	1601564565	bid	112.43
IVE	1601564565	ask	112.44
IVE	1601564571	bid	112.42
IVE	1601564571	ask	112.43
IVE	1601564742	price	112.55
IVE	1601564742	bid	112.53
IVE	1601564742	ask	112.55
IVE	1601564790	price	112.61
IVE	1601564790	bid	112.58
IVE	1601564790	ask	112.61
IVE	1601564890	price	112.5301
IVE	1601564890	bid	112.53
IVE	1601564890	ask	112.56
IVE	1601564895	price	112.49
IVE	1601564895	bid	112.47
IVE	1601564895	ask	112.49
IVE	1601564897	price	112.48
IVE	1601564917	price	112.4721
IVE	1601564917	ask	112.51
IVE	1601564924	price	112.4523
IVE	1601564924	bid	112.45
IVE	1601564924	ask	112.48
IVE	1601564924	price	112.4522
IVE	1601564926	price	112.45
IVE	1601564926	bid	112.43
IVE	1601564926	ask	112.45
IVE	1601564960	price	112.5001
IVE	1601564960	bid	112.5
IVE	1601564960	ask	112.53
IVE	1601564974	price	112.49
IVE	1601564974	bid	112.48
IVE	1601564974	ask	112.5
IVE	1601564976	price	112.51
IVE	1601564976	bid	112.5
IVE	1601564976	ask	112.53
IVE	1601564995	price	112.49
IVE	1601564995	bid	112.49
IVE	1601564995	ask	112.51
IVE	1601565017	price	112.477
IVE	1601565017	bid	112.45
IVE	1601565017	ask	112.48
IVE	1601565033	price	112.48
IVE	1601565033	bid	112.47
IVE	1601565033	ask	112.49
IVE	1601565034	price	112.4601
IVE	1601565034	bid	112.46
IVE	1601565050	price	112.39
IVE	1601565050	bid	112.37
IVE	1601565050	ask	112.4
IVE	1601565050	price	112.38
IVE	1601565050	price	112.4
IVE	1601565050	bid	112.36
IVE	1601565060	price	112.37
IVE	1601565060	bid	112.37
IVE	1601565060	ask	112.39
IVE	1601565165	price	112.4
IVE	1601565165	bid	112.39
IVE	1601565165	ask	112.41
IVE	1601565186	price	112.4002
IVE	1601565186	ask	112.42
IVE	1601565186	price	112.39
IVE	1601565194	price	112.4
IVE	1601565194	bid	112.4
IVE	1601565194	ask	112.41
IVE	1601565223	price	112.43
IVE	1601565223	ask	112.43
IVE	1601565229	price	112.47
IVE	1601565229	bid	112.44
IVE	1601565229	ask	112.47
IVE	1601565239	price	112.48
IVE	1601565239	bid	112.45
IVE	1601565239	ask	112.48
IVE	1601565239	price	112.49
IVE	1601565239	price	112.48
IVE	1601565239	price	112.49
IVE	1601565239	ask	112.49
IVE	1601565245	bid	112.47
IVE	1601565245	ask	112.5
IVE	1601565298	price	112.6148
IVE	1601565298	bid	112.59
IVE	1601565298	ask	112.62
IVE	1601565315	price	112.68
IVE	1601565315	bid	112.65
IVE	1601565315	ask	112.68
IVE	1601565315	bid	112.66
IVE	1601565315	ask	112.69
IVE	1601565348	price	112.66
IVE	1601565353	price	112.67
IVE	1601565353	bid	112.65
IVE	1601565353	ask	112.67
IVE	1601565381	price	112.65
IVE	1601565381	bid	112.64
IVE	1601565381	ask	112.66
IVE	1601565458	price	112.6371
IVE	1601565458	bid	112.62
IVE	1601565458	ask	112.65
IVE	1601565458	price	112.62
IVE	1601565474	price	112.6
IVE	1601565474	bid	112.58
IVE	1601565474	ask	112.6
IVE	1601565474	bid	112.6
IVE	1601565474	ask	112.62
IVE	1601565484	price	112.63
IVE	1601565484	ask	112.63
IVE	1601565493	price	112.6799
IVE	1601565493	bid	112.66
IVE	1601565493	ask	112.68
IVE	1601565508	price	112.7
IVE	1601565508	bid	112.68
IVE	1601565508	ask	112.71
IVE	1601565546	price	112.58
IVE	1601565546	bid	112.57
IVE	1601565546	ask	112.59
IVE	1601565557	price	112.5491
IVE	1601565557	bid	112.52
IVE	1601565557	ask	112.55
IVE	1601565587	price	112.5584
IVE	1601565587	bid	112.55
IVE	1601565587	ask	112.57
IVE	1601565630	price	112.6302
IVE	1601565630	bid	112.63
IVE	1601565630	ask	112.65
IVE	1601565684	price	112.6
IVE	1601565684	bid	112.58
IVE	1601565684	ask	112.6
IVE	1601565721	price	112.63
IVE	1601565721	bid	112.6
IVE	1601565721	ask	112.63
IVE	1601565738	price	112.601
IVE	1601565758	price	112.62
IVE	1601565758	bid	112.61
IVE	1601565759	price	112.64
IVE	1601565759	bid	112.62
IVE	1601565759	ask	112.64
IVE	1601565779	price	112.67
IVE	1601565779	bid	112.65
IVE	1601565779	ask	112.67
IVE	1601565797	price	112.6671
IVE	1601565797	bid	112.66
IVE	1601565797	ask	112.68
IVE	1601565802	price	112.65
IVE	1601565802	bid	112.63
IVE	1601565802	ask	112.66
IVE	1601565804	price	112.6315
IVE	1601565804	ask	112.65
IVE	1601565819	price	112.65
IVE	1601565819	bid	112.64
IVE	1601565819	bid	112.65
IVE	1601565819	ask	112.67
IVE	1601565819	ask	112.66
IVE	1601565830	price	112.68
IVE	1601565830	bid	112.68
IVE	1601565830	ask	112.71
IVE	1601565854	price	112.69
IVE	1601565854	bid	112.69
IVE	1601565860	price	112.72
IVE	1601565860	bid	112.71
IVE	1601565860	ask	112.73
IVE	1601565913	price	112.7694
IVE	1601565913	bid	112.75
IVE	1601565913	ask	112.77
IVE	1601565913	price	112.7686
IVE	1601565948	price	112.7682
IVE	1601565952	price	112.75
IVE	1601565952	bid	112.73
IVE	1601565952	ask	112.75
IVE	1601565983	price	112.7042
IVE	1601565983	bid	112.68
IVE	1601565983	ask	112.71
IVE	1601566024	price	112.7
IVE	1601566024	bid	112.69
IVE	1601566027	price	112.72
IVE	1601566027	bid	112.7
IVE	1601566027	ask	112.72
IVE	1601566052	price	112.76
IVE	1601566052	bid	112.76
IVE	1601566052	ask	112.78
IVE	1601566106	ask	112.79
IVE	1601566157	price	112.74
IVE	1601566157	bid	112.74
IVE	1601566157	ask	112.75
IVE	1601566173	price	112.7217
IVE	1601566173	bid	112.71
IVE	1601566173	ask	112.73
IVE	1601566252	price	112.72
IVE	1601566252	bid	112.7
IVE	1601566252	ask	112.71
IVE	1601566252	price	112.71
IVE	1601566256	price	112.72
IVE	1601566256	bid	112.69
IVE	1601566260	price	112.73
IVE	1601566260	bid	112.73
IVE	1601566260	ask	112.74
IVE	1601566291	price	112.7485
IVE	1601566291	ask	112.75
IVE	1601566343	price	112.76
IVE	1601566343	bid	112.75
IVE	1601566343	ask	112.77
IVE	1601566378	bid	112.74
IVE	1601566378	ask	112.76
IVE	1601566404	price	112.73
IVE	1601566404	bid	112.73
IVE	1601566404	ask	112.75
IVE	1601566418	price	112.7302
IVE	1601566432	price	112.76
IVE	1601566432	bid	112.76
IVE	1601566432	ask	112.77
IVE	1601566444	price	112.78
IVE	1601566444	bid	112.77
IVE	1601566444	ask	112.78
IVE	1601566444	price	112.79
IVE	1601566444	bid	112.78
IVE	1601566444	ask	112.79
IVE	1601566445	price	112.8
IVE	1601566445	bid	112.79
IVE	1601566445	ask	112.81
IVE	1601566475	price	112.79
IVE	1601566475	ask	112.82
IVE	1601566505	price	112.83
IVE	1601566505	bid	112.81
IVE	1601566505	ask	112.83
IVE	1601566520	price	112.78
IVE	1601566520	bid	112.77
IVE	1601566520	ask	112.79
IVE	1601566526	price	112.765
IVE	1601566526	bid	112.75
IVE	1601566526	ask	112.77
IVE	1601566609	price	112.7119
IVE	1601566609	bid	112.7
IVE	1601566609	ask	112.72
IVE	1601566633	price	112.71
IVE	1601566633	bid	112.71
IVE	1601566633	ask	112.73
IVE	1601566675	price	112.68
IVE	1601566675	bid	112.67
IVE	1601566675	ask	112.69
IVE	1601566701	price	112.659
IVE	1601566701	bid	112.64
IVE	1601566701	ask	112.66
IVE	1601566707	price	112.66
IVE	1601566707	bid	112.66
IVE	1601566707	ask	112.68
IVE	1601566718	price	112.7
IVE	1601566718	bid	112.69
IVE	1601566718	ask	112.71
IVE	1601566792	price	112.66
IVE	1601566792	bid	112.66
IVE	1601566792	ask	112.68
IVE	1601566815	bid	112.65
IVE	1601566815	ask	112.66
IVE	1601566815	price	112.655
IVE	1601566815	ask	112.67
IVE	1601566827	price	112.67
IVE	1601566827	bid	112.66
IVE	1601566849	price	112.65
IVE	1601566849	bid	112.64
IVE	1601566849	ask	112.65
IVE	1601566851	bid	112.65
IVE	1601566851	ask	112.67
IVE	1601566855	price	112.66
IVE	1601566855	bid	112.66
IVE	1601566857	price	112.67
IVE	1601566857	bid	112.67
IVE	1601566857	ask	112.69
IVE	1601566890	price	112.64
IVE	1601566890	bid	112.64
IVE	1601566890	ask	112.66
IVE	1601566904	price	112.65
IVE	1601566904	bid	112.65
IVE	1601566904	ask	112.67
IVE	1601566921	price	112.67
IVE	1601566926	bid	112.67
IVE	1601566926	ask	112.69
IVE	1601566978	price	112.6705
IVE	1601567030	price	112.64
IVE	1601567030	bid	112.64
IVE	1601567030	ask	112.66
IVE	1601567065	price	112.67
IVE	1601567065	bid	112.67
IVE	1601567065	ask	112.69
IVE	1601567102	price	112.7
IVE	1601567102	bid	112.7
IVE	1601567102	ask	112.72
IVE	1601567129	price	112.7099
IVE	1601567129	bid	112.69
IVE	1601567129	ask	112.71
IVE	1601567203	price	112.64
IVE	1601567203	bid	112.63
IVE	1601567203	ask	112.64
IVE	1601567218	price	112.62
IVE	1601567218	bid	112.62
IVE	1601567256	price	112.7186
IVE	1601567256	bid	112.7
IVE	1601567256	ask	112.73
IVE	1601567258	price	112.71
IVE	1601567258	bid	112.69
IVE	1601567286	price	112.68
IVE	1601567286	bid	112.68
IVE	1601567286	ask	112.72
IVE	1601567299	price	112.715
IVE	1601567299	bid	112.7
IVE	1601567303	price	112.7197
IVE	1601567303	bid	112.69
IVE	1601567386	price	112.66
IVE	1601567386	bid	112.64
IVE	1601567386	ask	112.66
IVE	1601567486	price	112.6
IVE	1601567486	bid	112.6
IVE	1601567486	ask	112.62
IVE	1601567499	bid	112.59
IVE	1601567499	ask	112.61
IVE	1601567652	price	112.7
IVE	1601567652	bid	112.69
IVE	1601567652	ask	112.7
IVE	1601567681	price	112.7484
IVE	1601567681	bid	112.73
IVE	1601567681	ask	112.75
IVE	1601567681	price	112.73
IVE	1601567682	price	112.7499
IVE	1601567682	bid	112.72
IVE	1601567717	price	112.72
IVE	1601567717	bid	112.71
IVE	1601567717	ask	112.72
IVE	1601567767	price	112.71
IVE	1601567786	price	112.72
IVE	1601567786	bid	112.72
IVE	1601567786	ask	112.74
IVE	1601567790	price	112.7277
IVE	1601567790	ask	112.73
IVE	1601567793	price	112.73
IVE	1601567897	price	112.77
IVE	1601567897	bid	112.77
IVE	1601567897	ask	112.78
IVE	1601567905	bid	112.76
IVE	1601567905	ask	112.77
IVE	1601567965	price	112.76
IVE	1601567965	bid	112.74
IVE	1601567965	ask	112.76
IVE	1601568029	price	112.7397
IVE	1601568029	bid	112.73
IVE	1601568029	ask	112.74
IVE	1601568042	price	112.7
IVE	1601568042	bid	112.68
IVE	1601568042	ask	112.7
IVE	1601568043	ask	112.71
IVE	1601568051	price	112.71
IVE	1601568051	bid	112.7
IVE	1601568051	ask	112.72
IVE	1601568095	price	112.64
IVE	1601568095	bid	112.64
IVE	1601568095	ask	112.65
IVE	1601568103	price	112.61
IVE	1601568103	bid	112.6
IVE	1601568103	ask	112.61
IVE	1601568109	price	112.6
IVE	1601568109	bid	112.58
IVE	1601568109	ask	112.6
IVE	1601568129	bid	112.6
IVE	1601568129	ask	112.62
IVE	1601568188	price	112.68
IVE	1601568188	bid	112.66
IVE	1601568188	ask	112.68
IVE	1601568198	price	112.62
IVE	1601568198	bid	112.6
IVE	1601568198	ask	112.63
IVE	1601568232	price	112.6371
IVE	1601568232	bid	112.61
IVE	1601568232	ask	112.64
IVE	1601568311	price	112.6474
IVE	1601568311	bid	112.63
IVE	1601568311	ask	112.66
IVE	1601568330	price	112.64
IVE	1601568441	price	112.717
IVE	1601568441	bid	112.69
IVE	1601568441	ask	112.72
IVE	1601568478	price	112.74
IVE	1601568478	bid	112.73
IVE	1601568478	ask	112.75
IVE	1601568512	price	112.73
IVE	1601568512	bid	112.71
IVE	1601568512	ask	112.73
IVE	1601568547	price	112.7275
IVE	1601568547	bid	112.7
IVE	1601568609	price	112.66
IVE	1601568609	bid	112.66
IVE	1601568609	ask	112.69
IVE	1601568610	price	112.675
IVE	1601568625	price	112.681
IVE	1601568625	bid	112.68
IVE	1601568625	ask	112.71
IVE	1601568633	price	112.6513
IVE	1601568633	bid	112.64
IVE	1601568633	ask	112.67
IVE	1601568686	price	112.6746
IVE	1601568686	bid	112.66
IVE	1601568686	ask	112.7
IVE	1601568695	price	112.66
IVE	1601568695	bid	112.64
IVE	1601568695	ask	112.68
IVE	1601568741	price	112.67
IVE	1601568741	bid	112.67
IVE	1601568741	ask	112.7
IVE	1601568821	price	112.65
IVE	1601568821	bid	112.65
IVE	1601568821	ask	112.66
IVE	1601568857	price	112.689
IVE	1601568857	bid	112.67
IVE	1601568857	ask	112.69
IVE	1601568891	price	112.6684
IVE	1601568891	bid	112.65
IVE	1601568891	ask	112.67
IVE	1601568892	price	112.65
IVE	1601568903	price	112.64
IVE	1601568903	bid	112.63
IVE	1601568903	ask	112.65
IVE	1601568903	price	112.63
IVE	1601568903	price	112.62
IVE	1601568903	bid	112.61
IVE	1601568903	ask	112.63
IVE	1601568903	price	112.61
IVE	1601568903	bid	112.6
IVE	1601568903	ask	112.62
IVE	1601568903	price	112.6
IVE	1601568903	ask	112.61
IVE	1601568907	bid	112.58
IVE	1601568907	ask	112.6
IVE	1601568908	price	112.57
IVE	1601568908	ask	112.59
IVE	1601568908	bid	112.55
IVE	1601568908	ask	112.58
IVE	1601568909	price	112.58
IVE	1601568909	bid	112.56
IVE	1601568909	price	112.6
IVE	1601568909	price	112.58
IVE	1601568909	price	112.6
IVE	1601568909	price	112.59
IVE	1601568909	price	112.6
IVE	1601568909	price	112.58
IVE	1601568909	price	112.6
IVE	1601568909	price	112.58
IVE	1601568909	price	112.6
IVE	1601568909	price	112.58
IVE	1601568909	price	112.59
IVE	1601568909	price	112.6
IVE	1601568909	price	112.58
IVE	1601568909	price	112.6
IVE	1601568909	price	112.58
IVE	1601568909	bid	112.63
IVE	1601568909	ask	112.66
IVE	1601568909	price	112.66
IVE	1601568909	bid	112.66
IVE	1601568909	ask	112.67
IVE	1601568911	bid	112.65
IVE	1601568911	ask	112.66
IVE	1601568912	price	112.64
IVE	1601568912	bid	112.62
IVE	1601568912	ask	112.64
IVE	1601568912	bid	112.63
IVE	1601568917	price	112.65
IVE	1601568917	bid	112.64
IVE	1601568917	ask	112.66
IVE	1601568919	price	112.64
IVE	1601568919	bid	112.63
IVE	1601568919	ask	112.64
IVE	1601568920	price	112.63
IVE	1601568920	bid	112.62
IVE	1601568937	price	112.64
IVE	1601568937	bid	112.63
IVE	1601568937	ask	112.65
IVE	1601568938	price	112.61
IVE	1601568938	bid	112.61
IVE	1601568938	ask	112.63
IVE	1601568938	price	112.62
IVE	1601568938	bid	112.59
IVE	1601568938	ask	112.61
IVE	1601568945	price	112.6
IVE	1601568945	bid	112.58
IVE	1601568945	ask	112.6
IVE	1601568949	price	112.58
IVE	1601568949	bid	112.57
IVE	1601568949	ask	112.58
IVE	1601568962	price	112.56
IVE	1601568962	bid	112.54
IVE	1601568962	ask	112.56
IVE	1601568969	price	112.51
IVE	1601568969	bid	112.49
IVE	1601568969	ask	112.52
IVE	1601568993	price	112.52
IVE	1601568993	bid	112.52
IVE	1601568993	ask	112.54
IVE	1601568995	price	112.54
IVE	1601568995	bid	112.53
IVE	1601568995	ask	112.55
IVE	1601569006	price	112.538
IVE	1601569006	bid	112.52
IVE	1601569006	ask	112.54
IVE	1601569018	price	112.555
IVE	1601569018	bid	112.55
IVE	1601569018	ask	112.56
IVE	1601569080	price	112.6
IVE	1601569080	bid	112.59
IVE	1601569080	ask	112.61
IVE	1601569093	price	112.595
IVE	1601569093	bid	112.58
IVE	1601569097	price	112.59
IVE	1601569097	ask	112.59
IVE	1601569099	price	112.585
IVE	1601569099	ask	112.6
IVE	1601569115	price	112.6
IVE	1601569115	bid	112.6
IVE	1601569115	ask	112.61
IVE	1601569129	price	112.61
IVE	1601569129	bid	112.61
IVE	1601569129	ask	112.63
IVE	1601569159	ask	112.62
IVE	1601569160	bid	112.6
IVE	1601569160	ask	112.61
IVE	1601569165	price	112.62
IVE	1601569165	bid	112.62
IVE	1601569165	ask	112.63
IVE	1601569185	price	112.6283
IVE	1601569185	ask	112.64
IVE	1601569215	price	112.6499
IVE	1601569215	bid	112.63
IVE	1601569215	ask	112.65
IVE	1601569230	price	112.634
IVE	1601569230	bid	112.62
IVE	1601569230	ask	112.64
IVE	1601569236	price	112.64
IVE	1601569236	bid	112.64
IVE	1601569236	ask	112.65
IVE	1601569239	price	112.65
IVE	1601569239	bid	112.65
IVE	1601569239	ask	112.66
IVE	1601569240	price	112.66
IVE	1601569240	bid	112.66
IVE	1601569240	ask	112.67
IVE	1601569254	price	112.665
IVE	1601569284	price	112.6567
IVE	1601569284	bid	112.65
IVE	1601569284	ask	112.66
IVE	1601569293	price	112.645
IVE	1601569293	bid	112.64
IVE	1601569369	price	112.7
IVE	1601569369	bid	112.7
IVE	1601569369	ask	112.71
IVE	1601569393	price	112.712
IVE	1601569393	bid	112.71
IVE	1601569393	ask	112.72
IVE	1601569393	price	112.711
IVE	1601569393	price	112.71
IVE	1601569393	bid	112.7
IVE	1601569393	ask	112.71
IVE	1601569422	price	112.74
IVE	1601569422	bid	112.71
IVE	1601569422	ask	112.74
IVE	1601569422	price	112.75
IVE	1601569422	price	112.74
IVE	1601569422	price	112.75
IVE	1601569422	price	112.74
IVE	1601569422	price	112.75
IVE	1601569422	price	112.74
IVE	1601569422	price	112.75
IVE	1601569422	price	112.74
IVE	1601569422	price	112.75
IVE	1601569422	bid	112.72
IVE	1601569422	ask	112.75
IVE	1601569422	price	112.76
IVE	1601569422	price	112.74
IVE	1601569422	bid	112.73
IVE	1601569422	price	112.76
IVE	1601569422	price	112.74
IVE	1601569422	price	112.77
IVE	1601569422	price	112.8
IVE	1601569422	price	112.78
IVE	1601569422	bid	112.75
IVE	1601569422	price	112.79
IVE	1601569422	bid	112.76
IVE	1601569422	ask	112.78
IVE	1601569422	price	112.74
IVE	1601569422	bid	112.78
IVE	1601569422	ask	112.81
IVE	1601569422	price	112.8
IVE	1601569422	bid	112.79
IVE	1601569422	price	112.79
IVE	1601569422	ask	112.8
IVE	1601569423	bid	112.78
IVE	1601569423	ask	112.81
IVE	1601569423	ask	112.8
IVE	1601569430	price	112.77
IVE	1601569430	bid	112.76
IVE	1601569430	ask	112.77
IVE	1601569436	price	112.7706
IVE	1601569436	bid	112.77
IVE	1601569436	ask	112.78
IVE	1601569443	price	112.76
IVE	1601569443	bid	112.75
IVE	1601569443	ask	112.76
IVE	1601569445	ask	112.77
IVE	1601569450	price	112.7697
IVE	1601569450	bid	112.76
IVE	1601569450	ask	112.78
IVE	1601569455	price	112.78
IVE	1601569455	bid	112.79
IVE	1601569455	ask	112.8
IVE	1601569457	price	112.79
IVE	1601569457	bid	112.78
IVE	1601569457	ask	112.79
IVE	1601569462	price	112.8
IVE	1601569462	bid	112.79
IVE	1601569462	ask	112.8
IVE	1601569462	bid	112.8
IVE	1601569462	ask	112.81
IVE	1601569462	price	112.81
IVE	1601569462	price	112.8
IVE	1601569462	bid	112.81
IVE	1601569462	ask	112.84
IVE	1601569495	bid	112.79
IVE	1601569495	ask	112.8
IVE	1601569517	price	112.79
IVE	1601569517	bid	112.78
IVE	1601569517	ask	112.79
IVE	1601569528	price	112.8
IVE	1601569528	bid	112.79
IVE	1601569528	ask	112.8
IVE	1601569561	price	112.81
IVE	1601569561	bid	112.81
IVE	1601569561	ask	112.82
IVE	1601569579	price	112.84
IVE	1601569579	bid	112.82
IVE	1601569579	ask	112.84
IVE	1601569599	price	112.82
IVE	1601569599	ask	112.83
IVE	1601569603	bid	112.8
IVE	1601569603	ask	112.82
IVE	1601569703	price	112.83
IVE	1601569703	bid	112.82
IVE	1601569703	ask	112.84
IVE	1601569733	price	112.84
IVE	1601569733	bid	112.83
IVE	1601569733	ask	112.85
IVE	1601569804	price	112.85
IVE	1601569804	bid	112.85
IVE	1601569804	ask	112.87
IVE	1601569857	bid	112.84
IVE	1601569857	ask	112.85
IVE	1601569911	price	112.8245
IVE	1601569911	bid	112.82
IVE	1601569911	ask	112.84
IVE	1601569912	price	112.835
IVE	1601569912	bid	112.83
IVE	1601569930	price	112.85
IVE	1601569930	ask	112.85
IVE	1601569930	bid	112.84
IVE	1601569955	price	112.83
IVE	1601569955	bid	112.81
IVE	1601569955	ask	112.83
IVE	1601570062	price	112.78
IVE	1601570062	bid	112.78
IVE	1601570062	ask	112.8
IVE	1601570271	price	112.84
IVE	1601570271	bid	112.83
IVE	1601570271	ask	112.86
IVE	1601570370	price	112.85
IVE	1601570370	bid	112.85
IVE	1601570377	price	112.84
IVE	1601570377	bid	112.84
IVE	1601570377	ask	112.85
IVE	1601570422	price	112.86
IVE	1601570422	bid	112.86
IVE	1601570422	ask	112.88
IVE	1601570514	price	112.91
IVE	1601570514	bid	112.9
IVE	1601570514	ask	112.92
IVE	1601570517	price	112.9196
IVE	1601570517	price	112.9136
IVE	1601570572	price	112.95
IVE	1601570572	bid	112.93
IVE	1601570572	ask	112.95
IVE	1601570584	price	112.935
IVE	1601570584	ask	112.94
IVE	1601570612	price	112.95
IVE	1601570612	bid	112.94
IVE	1601570612	ask	112.95
IVE	1601570613	price	112.9599
IVE	1601570613	ask	112.96
IVE	1601570663	price	112.95
IVE	1601570663	bid	112.95
IVE	1601570709	price	112.96
IVE	1601570709	bid	112.96
IVE	1601570709	ask	112.97
IVE	1601570758	price	112.954
IVE	1601570758	bid	112.94
IVE	1601570758	ask	112.96
IVE	1601570858	price	112.92
IVE	1601570858	bid	112.92
IVE	1601570858	ask	112.94
IVE	1601570939	price	112.9299
IVE	1601570939	ask	112.93
IVE	1601570961	price	112.9267
IVE	1601570975	price	112.915
IVE	1601570975	bid	112.91
IVE	1601570975	ask	112.92
IVE	1601571195	price	112.88
IVE	1601571195	bid	112.88
IVE	1601571195	ask	112.89
IVE	1601571225	price	112.86
IVE	1601571225	bid	112.85
IVE	1601571225	ask	112.87
IVE	1601571241	price	112.85
IVE	1601571241	ask	112.86
IVE	1601571259	bid	112.84
IVE	1601571338	price	112.845
IVE	1601571338	ask	112.85
IVE	1601571342	price	112.8495
IVE	1601571362	price	112.83
IVE	1601571362	bid	112.82
IVE	1601571362	ask	112.84
IVE	1601571362	price	112.8301
IVE	1601571362	price	112.8317
IVE	1601571445	price	112.8397
IVE	1601571445	bid	112.83
IVE	1601571445	price	112.8394
IVE	1601571445	bid	112.82
IVE	1601571470	price	112.8205
IVE	1601571509	price	112.8201
IVE	1601571522	price	112.82
IVE	1601571522	bid	112.81
IVE	1601571522	ask	112.83
IVE	1601571524	price	112.81
IVE	1601571524	bid	112.8
IVE	1601571524	ask	112.82
IVE	1601571604	price	112.76
IVE	1601571604	bid	112.76
IVE	1601571604	ask	112.78
IVE	1601571782	price	112.74
IVE	1601571782	bid	112.74
IVE	1601571782	ask	112.76
IVE	1601571805	price	112.75
IVE	1601571812	price	112.74
IVE	1601571812	bid	112.73
IVE	1601571812	ask	112.75
IVE	1601571842	bid	112.74
IVE	1601571848	price	112.745
IVE	1601571849	price	112.75
IVE	1601571849	bid	112.75
IVE	1601571849	ask	112.76
IVE	1601571896	price	112.745
IVE	1601571896	bid	112.74
IVE	1601571896	ask	112.75
IVE	1601571898	price	112.75
IVE	1601571898	price	112.745
IVE	1601571898	price	112.74
IVE	1601571898	bid	112.73
IVE	1601571898	ask	112.74
IVE	1601571911	bid	112.74
IVE	1601571911	ask	112.75
IVE	1601571913	bid	112.73
IVE	1601572042	price	112.7599
IVE	1601572042	bid	112.74
IVE	1601572042	ask	112.76
IVE	1601572063	price	112.77
IVE	1601572063	bid	112.76
IVE	1601572063	ask	112.78
IVE	1601572130	price	112.82
IVE	1601572130	bid	112.82
IVE	1601572130	ask	112.84
IVE	1601572182	price	112.935
IVE	1601572182	bid	112.92
IVE	1601572182	ask	112.95
IVE	1601572222	price	112.89
IVE	1601572222	bid	112.89
IVE	1601572222	ask	112.91
IVE	1601572317	price	112.8868
IVE	1601572317	bid	112.88
IVE	1601572317	ask	112.9
IVE	1601572319	price	112.88
IVE	1601572319	bid	112.86
IVE	1601572319	ask	112.88
IVE	1601572320	bid	112.87
IVE	1601572320	ask	112.89
IVE	1601572365	price	112.885
IVE	1601572365	bid	112.86
IVE	1601572496	price	112.755
IVE	1601572496	bid	112.74
IVE	1601572496	ask	112.77
IVE	1601572524	price	112.798
IVE	1601572524	bid	112.78
IVE	1601572524	ask	112.8
IVE	1601572534	price	112.8
IVE	1601572534	bid	112.8
IVE	1601572534	ask	112.82
IVE	1601572550	price	112.805
IVE	1601572550	bid	112.79
IVE	1601572587	price	112.79
IVE	1601572587	ask	112.8
IVE	1601572608	price	112.76
IVE	1601572608	bid	112.75
IVE	1601572608	ask	112.77
IVE	1601572609	price	112.74
IVE	1601572609	bid	112.74
IVE	1601572609	ask	112.75
IVE	1601572609	price	112.73
IVE	1601572610	price	112.71
IVE	1601572610	bid	112.71
IVE	1601572610	ask	112.72
IVE	1601572614	price	112.72
IVE	1601572614	bid	112.72
IVE	1601572614	ask	112.73
IVE	1601572620	price	112.74
IVE	1601572620	bid	112.74
IVE	1601572620	ask	112.75
IVE	1601572630	bid	112.73
IVE	1601572630	ask	112.74
IVE	1601572656	price	112.73
IVE	1601572656	bid	112.72
IVE	1601572656	ask	112.73
IVE	1601572670	bid	112.73
IVE	1601572670	ask	112.74
IVE	1601572695	price	112.75
IVE	1601572695	bid	112.75
IVE	1601572695	ask	112.77
IVE	1601572727	price	112.7515
IVE	1601572730	price	112.76
IVE	1601572752	price	112.75
IVE	1601572752	bid	112.74
IVE	1601572752	ask	112.75
IVE	1601572752	price	112.7501
IVE	1601572826	price	112.75
IVE	1601572826	bid	112.75
IVE	1601572826	ask	112.77
IVE	1601572830	price	112.7599
IVE	1601572830	ask	112.76
IVE	1601572995	price	112.789
IVE	1601572995	bid	112.78
IVE	1601572995	ask	112.79
IVE	1601572995	price	112.79
IVE	1601572996	price	112.789
IVE	1601572996	price	112.79
IVE	1601572996	price	112.7899
IVE	1601572997	price	112.79
IVE	1601572997	price	112.7724
IVE	1601572997	bid	112.77
IVE	1601573000	price	112.78
IVE	1601573000	ask	112.78
IVE	1601573000	price	112.779
IVE	1601573001	price	112.77
IVE	1601573003	bid	112.76
IVE	1601573006	price	112.78
IVE	1601573006	bid	112.77
IVE	1601573006	ask	112.79
IVE	1601573011	price	112.79
IVE	1601573011	bid	112.79
IVE	1601573011	ask	112.8
IVE	1601573024	price	112.81
IVE	1601573024	bid	112.81
IVE	1601573024	ask	112.82
IVE	1601573024	price	112.8
IVE	1601573024	bid	112.8
IVE	1601573024	ask	112.81
IVE	1601573024	price	112.79
IVE	1601573024	bid	112.79
IVE	1601573024	ask	112.8
IVE	1601573025	price	112.77
IVE	1601573025	bid	112.77
IVE	1601573025	ask	112.78
IVE	1601573025	price	112.78
IVE	1601573033	price	112.75
IVE	1601573033	bid	112.75
IVE	1601573033	ask	112.76
IVE	1601573110	price	112.76
IVE	1601573110	ask	112.77
IVE	1601573130	price	112.74
IVE	1601573130	bid	112.73
IVE	1601573130	ask	112.74
IVE	1601573139	price	112.75
IVE	1601573139	bid	112.74
IVE	1601573139	ask	112.76
IVE	1601573173	bid	112.75
IVE	1601573180	price	112.76
IVE	1601573180	bid	112.76
IVE	1601573180	ask	112.78
IVE	1601573226	price	112.725
IVE	1601573226	bid	112.72
IVE	1601573226	ask	112.73
IVE	1601573228	price	112.73
IVE	1601573228	ask	112.74
IVE	1601573257	price	112.704
IVE	1601573257	bid	112.7
IVE	1601573257	ask	112.72
IVE	1601573277	price	112.6785
IVE	1601573277	bid	112.66
IVE	1601573277	ask	112.68
IVE	1601573292	price	112.63
IVE	1601573292	bid	112.62
IVE	1601573292	ask	112.63
IVE	1601573293	price	112.62
IVE	1601573293	bid	112.61
IVE	1601573293	ask	112.62
IVE	1601573305	price	112.6
IVE	1601573305	bid	112.59
IVE	1601573305	ask	112.61
IVE	1601573315	price	112.61
IVE	1601573315	bid	112.6
IVE	1601573315	ask	112.62
IVE	1601573343	price	112.64
IVE	1601573343	bid	112.64
IVE	1601573343	ask	112.65
IVE	1601573357	price	112.632
IVE	1601573357	bid	112.63
IVE	1601573433	price	112.6222
IVE	1601573433	bid	112.61
IVE	1601573433	ask	112.63
IVE	1601573435	price	112.62
IVE	1601573435	ask	112.62
IVE	1601573438	price	112.63
IVE	1601573438	ask	112.63
IVE	1601573438	price	112.6203
IVE	1601573452	price	112.61
IVE	1601573452	bid	112.6
IVE	1601573452	ask	112.62
IVE	1601573453	price	112.59
IVE	1601573453	bid	112.59
IVE	1601573453	ask	112.6
IVE	1601573462	price	112.62
IVE	1601573462	bid	112.61
IVE	1601573462	ask	112.62
IVE	1601573492	price	112.6089
IVE	1601573492	bid	112.6
IVE	1601573500	price	112.5996
IVE	1601573500	bid	112.58
IVE	1601573500	ask	112.6
IVE	1601573518	price	112.6
IVE	1601573518	bid	112.59
IVE	1601573527	price	112.61
IVE	1601573527	ask	112.61
IVE	1601573531	price	112.59
IVE	1601573531	ask	112.6
IVE	1601573532	price	112.6
IVE	1601573532	bid	112.6
IVE	1601573532	ask	112.61
IVE	1601573537	price	112.599
IVE	1601573537	bid	112.58
IVE	1601573537	ask	112.6
IVE	1601573543	price	112.59
IVE	1601573543	bid	112.59
IVE	1601573544	price	112.58
IVE	1601573544	bid	112.58
IVE	1601573544	ask	112.59
IVE	1601573544	bid	112.57
IVE	1601573544	ask	112.58
IVE	1601573561	price	112.56
IVE	1601573561	bid	112.56
IVE	1601573561	ask	112.57
IVE	1601573604	price	112.58
IVE	1601573604	bid	112.58
IVE	1601573604	ask	112.59
IVE	1601573622	price	112.6
IVE	1601573622	bid	112.59
IVE	1601573622	ask	112.61
IVE	1601573670	price	112.629
IVE	1601573670	bid	112.61
IVE	1601573670	ask	112.63
IVE	1601573682	price	112.6
IVE	1601573682	bid	112.6
IVE	1601573682	ask	112.61
IVE	1601573682	price	112.605
IVE	1601573682	price	112.6
IVE	1601573682	bid	112.59
IVE	1601573711	price	112.62
IVE	1601573711	bid	112.62
IVE	1601573711	ask	112.63
IVE	1601573712	bid	112.61
IVE	1601573712	price	112.61
IVE	1601573712	price	112.6124
IVE	1601573712	price	112.617
IVE	1601573712	price	112.61
IVE	1601573712	price	112.6171
IVE	1601573712	ask	112.62
IVE	1601573712	price	112.6102
IVE	1601573712	price	112.61
IVE	1601573712	price	112.6171
IVE	1601573712	price	112.61
IVE	1601573742	price	112.6595
IVE	1601573742	bid	112.65
IVE	1601573742	ask	112.66
IVE	1601573753	price	112.68
IVE	1601573753	bid	112.68
IVE	1601573753	ask	112.69
IVE	1601573754	price	112.67
IVE	1601573754	bid	112.67
IVE	1601573769	price	112.71
IVE	1601573769	bid	112.71
IVE	1601573769	ask	112.72
IVE	1601573774	price	112.69
IVE	1601573774	bid	112.69
IVE	1601573774	ask	112.7
IVE	1601573784	price	112.7073
IVE	1601573784	bid	112.7
IVE	1601573784	ask	112.72
IVE	1601573791	price	112.7
IVE	1601573791	bid	112.69
IVE	1601573791	ask	112.71
IVE	1601573871	bid	112.7
IVE	1601573885	price	112.71
IVE	1601573885	ask	112.72
IVE	1601573888	price	112.7
IVE	1601573888	ask	112.71
IVE	1601573898	price	112.7001
IVE	1601573898	ask	112.72
IVE	1601573902	price	112.71
IVE	1601573918	price	112.7
IVE	1601573918	bid	112.69
IVE	1601573918	ask	112.71
IVE	1601573928	price	112.7201
IVE	1601573928	bid	112.72
IVE	1601573928	ask	112.73
IVE	1601573939	price	112.71
IVE	1601573939	bid	112.71
IVE	1601573939	price	112.728
IVE	1601573939	price	112.73
IVE	1601573948	price	112.71
IVE	1601573948	bid	112.69
IVE	1601573948	ask	112.71
IVE	1601573964	bid	112.7
IVE	1601573993	price	112.67
IVE	1601573993	bid	112.67
IVE	1601573993	ask	112.69
IVE	1601573993	price	112.68
IVE	1601574001	price	112.67
IVE	1601574001	bid	112.66
IVE	1601574001	ask	112.67
IVE	1601574006	price	112.655
IVE	1601574006	bid	112.65
IVE	1601574011	price	112.67
IVE	1601574011	bid	112.67
IVE	1601574011	ask	112.68
IVE	1601574037	price	112.675
IVE	1601574040	price	112.68
IVE	1601574040	bid	112.68
IVE	1601574040	ask	112.69
IVE	1601574041	price	112.69
IVE	1601574041	bid	112.69
IVE	1601574041	ask	112.7
IVE	1601574096	price	112.67
IVE	1601574096	bid	112.67
IVE	1601574096	ask	112.68
IVE	1601574120	price	112.66
IVE	1601574120	bid	112.65
IVE	1601574120	ask	112.67
IVE	1601574120	price	112.655
IVE	1601574120	price	112.67
IVE	1601574131	price	112.6501
IVE	1601574131	ask	112.66
IVE	1601574146	price	112.625
IVE	1601574146	bid	112.62
IVE	1601574146	ask	112.63
IVE	1601574148	price	112.63
IVE	1601574148	bid	112.63
IVE	1601574148	ask	112.65
IVE	1601574166	price	112.62
IVE	1601574166	bid	112.61
IVE	1601574166	ask	112.62
IVE	1601574189	price	112.61
IVE	1601574273	price	112.63
IVE	1601574273	bid	112.63
IVE	1601574273	ask	112.64
IVE	1601574330	price	112.616
IVE	1601574330	bid	112.61
IVE	1601574330	ask	112.63
IVE	1601574336	price	112.61
IVE	1601574341	price	112.6
IVE	1601574341	bid	112.59
IVE	1601574341	ask	112.61
IVE	1601574357	price	112.61
IVE	1601574357	ask	112.63
IVE	1601574359	price	112.6001
IVE	1601574359	bid	112.6
IVE	1601574403	price	112.581
IVE	1601574403	bid	112.58
IVE	1601574403	ask	112.61
IVE	1601574404	price	112.6
IVE	1601574404	bid	112.59
IVE	1601574404	price	112.6085
IVE	1601574414	price	112.61
IVE	1601574420	price	112.59
IVE	1601574420	bid	112.57
IVE	1601574420	ask	112.59
IVE	1601574438	price	112.58
IVE	1601574445	ask	112.58
IVE	1601574468	ask	112.59
IVE	1601574474	bid	112.55
IVE	1601574474	ask	112.58
IVE	1601574476	price	112.565
IVE	1601574477	price	112.56
IVE	1601574477	ask	112.57
IVE	1601574489	ask	112.58
IVE	1601574525	price	112.57
IVE	1601574525	bid	112.56
IVE	1601574525	ask	112.57
IVE	1601574526	price	112.55
IVE	1601574526	bid	112.55
IVE	1601574536	bid	112.54
IVE	1601574536	ask	112.55
IVE	1601574540	ask	112.56
IVE	1601574542	price	112.56
IVE	1601574542	bid	112.56
IVE	1601574542	ask	112.57
IVE	1601574550	price	112.55
IVE	1601574550	bid	112.54
IVE	1601574550	ask	112.55
IVE	1601574584	price	112.53
IVE	1601574584	bid	112.51
IVE	1601574584	ask	112.53
IVE	1601574599	bid	112.52
IVE	1601574600	bid	112.53
IVE	1601574600	ask	112.54
IVE	1601574601	price	112.54
IVE	1601574601	bid	112.52
IVE	1601574601	ask	112.55
IVE	1601574620	price	112.525
IVE	1601574620	ask	112.53
IVE	1601574632	price	112.52
IVE	1601574632	bid	112.5
IVE	1601574632	ask	112.51
IVE	1601574632	price	112.5
IVE	1601574646	price	112.54
IVE	1601574646	bid	112.53
IVE	1601574646	ask	112.56
IVE	1601574651	price	112.551
IVE	1601574742	price	112.52
IVE	1601574742	bid	112.5
IVE	1601574742	ask	112.52
IVE	1601574760	price	112.48
IVE	1601574760	bid	112.47
IVE	1601574760	ask	112.49
IVE	1601574806	price	112.52
IVE	1601574806	bid	112.52
IVE	1601574806	ask	112.53
IVE	1601574845	price	112.55
IVE	1601574845	bid	112.55
IVE	1601574845	ask	112.57
IVE	1601574871	price	112.56
IVE	1601574871	bid	112.56
IVE	1601574901	price	112.55
IVE	1601574901	bid	112.54
IVE	1601574901	ask	112.55
IVE	1601574919	price	112.53
IVE	1601574919	bid	112.52
IVE	1601574919	ask	112.53
IVE	1601574951	price	112.5301
IVE	1601574951	bid	112.53
IVE	1601574951	ask	112.54
IVE	1601574951	price	112.535
IVE	1601574953	price	112.54
IVE	1601574953	ask	112.55
IVE	1601574960	price	112.53
IVE	1601574960	bid	112.52
IVE	1601574960	ask	112.54
IVE	1601574973	ask	112.53
IVE	1601574984	price	112.54
IVE	1601574984	bid	112.53
IVE	1601574984	ask	112.54
IVE	1601574991	price	112.55
IVE	1601574991	bid	112.55
IVE	1601574991	ask	112.56
IVE	1601575031	price	112.54
IVE	1601575031	bid	112.52
IVE	1601575031	ask	112.54
IVE	1601575060	price	112.5278
IVE	1601575112	price	112.555
IVE	1601575112	bid	112.55
IVE	1601575112	ask	112.56
IVE	1601575134	price	112.57
IVE	1601575134	bid	112.57
IVE	1601575134	ask	112.57
IVE	1601575170	price	112.58
IVE	1601575170	bid	112.59
IVE	1601575170	ask	112.59
IVE	1601575170	price	112.59
IVE	1601575170	price	112.58
IVE	1601575170	price	112.57
IVE	1601575170	bid	112.58
IVE	1601575170	price	112.56
IVE	1601575170	price	112.57
IVE	1601575170	price	112.56
IVE	1601575170	price	112.57
IVE	1601575170	price	112.56
IVE	1601575170	price	112.55
IVE	1601575170	price	112.57
IVE	1601575170	price	112.55
IVE	1601575170	price	112.54
IVE	1601575170	price	112.53
IVE	1601575170	bid	112.49
IVE	1601575170	ask	112.5
IVE	1601575170	price	112.52
IVE	1601575170	bid	112.48
IVE	1601575170	price	112.51
IVE	1601575170	price	112.5
IVE	1601575171	price	112.48
IVE	1601575171	bid	112.49
IVE	1601575171	bid	112.48
IVE	1601575171	price	112.47
IVE	1601575171	bid	112.47
IVE	1601575171	price	112.57
IVE	1601575171	price	112.48
IVE	1601575171	price	112.5
IVE	1601575171	price	112.49
IVE	1601575171	ask	112.49
IVE	1601575171	price	112.48
IVE	1601575171	bid	112.46
IVE	1601575171	ask	112.5
IVE	1601575171	price	112.49
IVE	1601575171	ask	112.49
IVE	1601575171	price	112.5
IVE	1601575171	price	112.49
IVE	1601575171	price	112.47
IVE	1601575171	bid	112.47
IVE	1601575171	bid	112.46
IVE	1601575171	ask	112.47
IVE	1601575171	price	112.46
IVE	1601575171	bid	112.45
IVE	1601575171	ask	112.46
IVE	1601575171	price	112.47
IVE	1601575171	ask	112.48
IVE	1601575171	price	112.46
IVE	1601575171	ask	112.47
IVE	1601575171	price	112.47
IVE	1601575171	bid	112.46
IVE	1601575171	ask	112.48
IVE	1601575172	price	112.46
IVE	1601575172	ask	112.46
IVE	1601575172	price	112.47
IVE	1601575172	bid	112.44
IVE	1601575172	ask	112.47
IVE	1601575172	price	112.46
IVE	1601575172	bid	112.45
IVE	1601575172	price	112.47
IVE	1601575172	bid	112.46
IVE	1601575172	ask	112.48
IVE	1601575172	price	112.49
IVE	1601575172	bid	112.47
IVE	1601575172	ask	112.49
IVE	1601575172	price	112.48
IVE	1601575173	price	112.46
IVE	1601575174	price	112.45
IVE	1601575174	bid	112.46
IVE	1601575174	ask	112.48
IVE	1601575174	price	112.44
IVE	1601575174	bid	112.44
IVE	1601575174	ask	112.46
IVE	1601575174	ask	112.45
IVE	1601575174	price	112.42
IVE	1601575174	bid	112.43
IVE	1601575174	ask	112.43
IVE	1601575174	price	112.41
IVE	1601575174	price	112.4
IVE	1601575174	ask	112.42
IVE	1601575174	price	112.44
IVE	1601575174	price	112.41
IVE	1601575174	bid	112.4
IVE	1601575174	ask	112.41
IVE	1601575174	price	112.39
IVE	1601575174	bid	112.38
IVE	1601575174	price	112.38
IVE	1601575174	price	112.39
IVE	1601575174	price	112.38
IVE	1601575174	price	112.37
IVE	1601575174	price	112.38
IVE	1601575174	ask	112.4
IVE	1601575174	price	112.39
IVE	1601575174	bid	112.35
IVE	1601575174	ask	112.38
IVE	1601575174	price	112.37
IVE	1601575174	ask	112.37
IVE	1601575175	price	112.36
IVE	1601575175	bid	112.33
IVE	1601575175	ask	112.36
IVE	1601575175	bid	112.35
IVE	1601575175	ask	112.37
IVE	1601575175	price	112.38
IVE	1601575175	bid	112.37
IVE	1601575175	ask	112.39
IVE	1601575175	price	112.39
IVE	1601575175	price	112.37
IVE	1601575175	bid	112.38
IVE	1601575175	ask	112.4
IVE	1601575178	price	112.3
IVE	1601575178	bid	112.28
IVE	1601575178	ask	112.3
IVE	1601575178	price	112.31
IVE	1601575178	bid	112.29
IVE	1601575178	ask	112.32
IVE	1601575179	price	112.33
IVE	1601575179	bid	112.31
IVE	1601575179	ask	112.34
IVE	1601575179	price	112.29
IVE	1601575179	bid	112.29
IVE	1601575179	ask	112.3
IVE	1601575179	bid	112.28
IVE	1601575181	price	112.2501
IVE	1601575181	bid	112.25
IVE	1601575181	ask	112.27
IVE	1601575181	price	112.27
IVE	1601575181	bid	112.26
IVE	1601575181	ask	112.28
IVE	1601575181	price	112.26
IVE	1601575181	bid	112.25
IVE	1601575181	ask	112.27
IVE	1601575181	price	112.25
IVE	1601575181	bid	112.24
IVE	1601575181	ask	112.26
IVE	1601575182	price	112.26
IVE	1601575182	bid	112.25
IVE	1601575182	ask	112.28
IVE	1601575182	price	112.28
IVE	1601575182	bid	112.26
IVE	1601575182	bid	112.27
IVE	1601575182	ask	112.3
IVE	1601575183	price	112.34
IVE	1601575183	bid	112.33
IVE	1601575183	ask	112.34
IVE	1601575195	price	112.31
IVE	1601575195	bid	112.3
IVE	1601575195	ask	112.31
IVE	1601575197	price	112.34
IVE	1601575197	bid	112.32
IVE	1601575197	ask	112.34
IVE	1601575197	price	112.35
IVE	1601575197	bid	112.34
IVE	1601575197	ask	112.35
IVE	1601575201	price	112.37
IVE	1601575201	bid	112.37
IVE	1601575201	ask	112.39
IVE	1601575205	price	112.34
IVE	1601575205	bid	112.32
IVE	1601575205	ask	112.34
IVE	1601575206	price	112.36
IVE	1601575206	bid	112.33
IVE	1601575206	ask	112.36
IVE	1601575206	bid	112.34
IVE	1601575206	price	112.37
IVE	1601575207	price	112.38
IVE	1601575207	bid	112.38
IVE	1601575207	ask	112.41
IVE	1601575208	bid	112.37
IVE	1601575208	ask	112.38
IVE	1601575208	bid	112.38
IVE	1601575208	ask	112.41
IVE	1601575210	price	112.46
IVE	1601575210	bid	112.43
IVE	1601575210	ask	112.46
IVE	1601575210	bid	112.44
IVE	1601575213	price	112.43
IVE	1601575213	bid	112.42
IVE	1601575213	ask	112.43
IVE	1601575214	price	112.48
IVE	1601575214	bid	112.46
IVE	1601575214	ask	112.48
IVE	1601575215	bid	112.48
IVE	1601575215	ask	112.5
IVE	1601575217	price	112.53
IVE	1601575217	bid	112.52
IVE	1601575217	ask	112.54
IVE	1601575218	price	112.51
IVE	1601575218	bid	112.5
IVE	1601575218	ask	112.53
IVE	1601575221	price	112.46
IVE	1601575221	bid	112.44
IVE	1601575221	ask	112.46
IVE	1601575221	price	112.48
IVE	1601575221	bid	112.46
IVE	1601575221	ask	112.48
IVE	1601575221	price	112.47
IVE	1601575221	ask	112.51
IVE	1601575221	ask	112.48
IVE	1601575221	ask	112.47
IVE	1601575221	bid	112.45
IVE	1601575221	ask	112.46
IVE	1601575221	ask	112.45
IVE	1601575221	price	112.45
IVE	1601575221	price	112.47
IVE	1601575221	price	112.46
IVE	1601575221	price	112.45
IVE	1601575221	price	112.44
IVE	1601575221	price	112.47
IVE	1601575221	price	112.43
IVE	1601575221	price	112.47
IVE	1601575221	price	112.46
IVE	1601575221	price	112.43
IVE	1601575221	price	112.42
IVE	1601575221	bid	112.44
IVE	1601575221	ask	112.44
IVE	1601575222	price	112.47
IVE	1601575222	bid	112.39
IVE	1601575222	ask	112.41
IVE	1601575222	price	112.4
IVE	1601575222	bid	112.37
IVE	1601575222	ask	112.4
IVE	1601575225	price	112.49
IVE	1601575225	bid	112.48
IVE	1601575225	ask	112.51
IVE	1601575225	price	112.48
IVE	1601575225	bid	112.47
IVE	1601575225	ask	112.49
IVE	1601575228	ask	112.48
IVE	1601575228	ask	112.49
IVE	1601575235	price	112.49
IVE	1601575235	bid	112.48
IVE	1601575235	ask	112.5
IVE	1601575238	price	112.46
IVE	1601575238	bid	112.43
IVE	1601575238	ask	112.46
IVE	1601575238	bid	112.46
IVE	1601575238	ask	112.47
IVE	1601575238	price	112.48
IVE	1601575238	bid	112.47
IVE	1601575238	ask	112.49
IVE	1601575240	price	112.44
IVE	1601575240	bid	112.44
IVE	1601575240	ask	112.46
IVE	1601575243	price	112.36
IVE	1601575243	bid	112.34
IVE	1601575243	ask	112.36
IVE	1601575243	bid	112.35
IVE	1601575243	price	112.37
IVE	1601575243	bid	112.36
IVE	1601575243	ask	112.37
IVE	1601575243	price	112.38
IVE	1601575243	ask	112.38
IVE	1601575247	price	112.32
IVE	1601575247	bid	112.32
IVE	1601575247	ask	112.34
IVE	1601575247	price	112.31
IVE	1601575247	bid	112.31
IVE	1601575247	ask	112.33
IVE	1601575249	bid	112.28
IVE	1601575249	ask	112.31
IVE	1601575249	bid	112.29
IVE	1601575254	price	112.27
IVE	1601575254	bid	112.27
IVE	1601575254	ask	112.29
IVE	1601575255	price	112.29
IVE	1601575255	bid	112.28
IVE	1601575255	ask	112.31
IVE	1601575261	price	112.2681
IVE	1601575261	bid	112.26
IVE	1601575261	ask	112.28
IVE	1601575265	price	112.19
IVE	1601575265	bid	112.18
IVE	1601575265	ask	112.18
IVE	1601575265	price	112.2
IVE	1601575265	price	112.19
IVE	1601575265	bid	112.17
IVE	1601575265	price	112.18
IVE	1601575265	price	112.19
IVE	1601575265	price	112.18
IVE	1601575265	price	112.19
IVE	1601575265	bid	112.16
IVE	1601575267	price	112.21
IVE	1601575267	bid	112.2
IVE	1601575267	ask	112.23
IVE	1601575272	price	112.19
IVE	1601575272	bid	112.18
IVE	1601575272	ask	112.21
IVE	1601575279	price	112.2
IVE	1601575279	ask	112.2
IVE	1601575279	price	112.22
IVE	1601575279	price	112.2
IVE	1601575279	bid	112.19
IVE	1601575279	ask	112.21
IVE	1601575279	bid	112.22
IVE	1601575279	ask	112.24
IVE	1601575281	price	112.24
IVE	1601575281	bid	112.23
IVE	1601575281	ask	112.25
IVE	1601575284	ask	112.24
IVE	1601575285	ask	112.25
IVE	1601575310	price	112.16
IVE	1601575310	bid	112.15
IVE	1601575310	ask	112.17
IVE	1601575314	price	112.1
IVE	1601575314	bid	112.07
IVE	1601575314	ask	112.1
IVE	1601575317	price	112.04
IVE	1601575317	bid	112.04
IVE	1601575317	ask	112.07
IVE	1601575319	price	112.03
IVE	1601575319	bid	112.02
IVE	1601575319	ask	112.05
IVE	1601575336	price	112.0
IVE	1601575336	bid	111.99
IVE	1601575336	ask	112.0
IVE	1601575345	price	111.99
IVE	1601575345	bid	111.98
IVE	1601575345	ask	112.01
IVE	1601575404	price	112.0
IVE	1601575404	bid	112.0
IVE	1601575404	ask	112.02
IVE	1601575409	price	112.03
IVE	1601575409	bid	112.01
IVE	1601575409	ask	112.03
IVE	1601575429	price	112.0801
IVE	1601575429	bid	112.08
IVE	1601575429	ask	112.11
IVE	1601575458	price	112.08
IVE	1601575458	bid	112.07
IVE	1601575458	ask	112.08
IVE	1601575463	price	112.1
IVE	1601575463	bid	112.1
IVE	1601575463	ask	112.12
IVE	1601575493	price	112.21
IVE	1601575493	bid	112.19
IVE	1601575493	ask	112.21
IVE	1601575505	price	112.18
IVE	1601575505	bid	112.17
IVE	1601575505	ask	112.19
IVE	1601575507	price	112.2
IVE	1601575507	ask	112.2
IVE	1601575544	price	112.14
IVE	1601575544	bid	112.12
IVE	1601575544	ask	112.14
IVE	1601575621	price	112.12
IVE	1601575621	bid	112.1
IVE	1601575621	ask	112.12
IVE	1601575633	price	112.1253
IVE	1601575633	bid	112.11
IVE	1601575633	ask	112.13
IVE	1601575645	price	112.13
IVE	1601575645	bid	112.1
IVE	1601575645	price	112.11
IVE	1601575662	price	112.1498
IVE	1601575662	bid	112.13
IVE	1601575662	ask	112.16
IVE	1601575663	price	112.1168
IVE	1601575663	bid	112.11
IVE	1601575663	ask	112.13
IVE	1601575664	price	112.1283
IVE	1601575664	ask	112.14
IVE	1601575664	price	112.125
IVE	1601575671	price	112.135
IVE	1601575683	price	112.11
IVE	1601575683	bid	112.09
IVE	1601575683	ask	112.11
IVE	1601575688	price	112.06
IVE	1601575688	bid	112.06
IVE	1601575688	ask	112.1
IVE	1601575688	price	112.04
IVE	1601575688	price	112.02
IVE	1601575688	bid	112.05
IVE	1601575688	ask	112.09
IVE	1601575688	price	112.03
IVE	1601575688	price	112.01
IVE	1601575688	ask	112.08
IVE	1601575688	bid	112.04
IVE	1601575688	ask	112.07
IVE	1601575688	price	112.0
IVE	1601575689	bid	111.99
IVE	1601575689	ask	112.01
IVE	1601575689	bid	112.0
IVE	1601575689	ask	112.03
IVE	1601575689	bid	111.99
IVE	1601575689	ask	112.0
IVE	1601575689	price	111.97
IVE	1601575689	bid	111.94
IVE	1601575689	ask	111.97
IVE	1601575689	price	111.96
IVE	1601575689	ask	111.96
IVE	1601575693	price	112.0
IVE	1601575693	bid	111.99
IVE	1601575693	ask	112.02
IVE	1601575699	price	112.03
IVE	1601575699	bid	111.98
IVE	1601575699	ask	112.03
IVE	1601575699	bid	111.99
IVE	1601575699	price	112.04
IVE	1601575699	price	112.03
IVE	1601575699	bid	112.03
IVE	1601575699	ask	112.08
IVE	1601575701	bid	112.01
IVE	1601575701	ask	112.05
IVE	1601575702	price	112.02
IVE	1601575702	bid	112.02
IVE	1601575702	ask	112.06
IVE	1601575714	price	112.04
IVE	1601575714	bid	112.0
IVE	1601575714	ask	112.04
IVE	1601575736	price	111.98
IVE	1601575736	bid	111.98
IVE	1601575736	ask	112.02
IVE	1601575736	price	111.97
IVE	1601575736	price	111.98
IVE	1601575736	price	111.94
IVE	1601575736	bid	111.94
IVE	1601575736	ask	111.98
IVE	1601575745	price	111.95
IVE	1601575745	ask	111.95
IVE	1601575745	price	111.94
IVE	1601575745	ask	111.94
IVE	1601575750	price	111.98
IVE	1601575750	bid	111.97
IVE	1601575750	ask	112.01
IVE	1601575756	price	112.06
IVE	1601575756	bid	112.03
IVE	1601575756	ask	112.07
IVE	1601575820	price	111.985
IVE	1601575820	bid	111.96
IVE	1601575820	ask	111.99
IVE	1601575851	price	111.9829
IVE	1601575851	bid	111.97
IVE	1601575851	ask	112.0
IVE	1601575864	price	111.98
IVE	1601575876	bid	111.96
IVE	1601575876	ask	111.98
IVE	1601575916	price	111.97
IVE	1601575916	ask	111.99
IVE	1601575919	price	112.03
IVE	1601575919	bid	112.01
IVE	1601575919	ask	112.03
IVE	1601575952	price	111.925
IVE	1601575952	bid	111.92
IVE	1601575952	ask	111.93
IVE	1601575956	price	111.95
IVE	1601575956	bid	111.95
IVE	1601575956	ask	111.97
IVE	1601575959	price	111.9502
IVE	1601575959	bid	111.94
IVE	1601575981	price	111.93
IVE	1601575981	bid	111.92
IVE	1601575981	ask	111.94
IVE	1601576048	price	112.0291
IVE	1601576048	bid	112.0
IVE	1601576048	ask	112.03
IVE	1601576048	price	112.0287
IVE	1601576134	price	111.97
IVE	1601576134	bid	111.97
IVE	1601576134	ask	112.0
IVE	1601576151	price	111.98
IVE	1601576151	bid	111.98
IVE	1601576151	ask	112.02
IVE	1601576151	price	111.97
IVE	1601576194	price	112.04
IVE	1601576194	bid	112.01
IVE	1601576194	ask	112.04
IVE	1601576194	bid	112.03
IVE	1601576194	ask	112.06
IVE	1601576220	price	112.03
IVE	1601576220	bid	112.02
IVE	1601576220	ask	112.03
IVE	1601576272	price	112.0421
IVE	1601576272	bid	112.03
IVE	1601576272	ask	112.06
IVE	1601576290	price	112.05
IVE	1601576290	ask	112.05
IVE	1601576325	price	112.03
IVE	1601576325	bid	112.02
IVE	1601576335	ask	112.03
IVE	1601576370	price	112.13
IVE	1601576370	bid	112.1
IVE	1601576370	ask	112.13
IVE	1601576391	price	112.0802
IVE	1601576391	bid	112.06
IVE	1601576391	ask	112.09
IVE	1601576412	price	112.06
IVE	1601576412	bid	112.04
IVE	1601576412	ask	112.07
IVE	1601576440	price	112.05
IVE	1601576440	bid	112.05
IVE	1601576494	price	112.12
IVE	1601576494	bid	112.1
IVE	1601576494	ask	112.13
IVE	1601576586	price	112.1182
IVE	1601576611	price	112.117
IVE	1601576611	bid	112.09
IVE	1601576611	ask	112.12
IVE	1601576623	price	112.12
IVE	1601576638	price	112.08
IVE	1601576638	bid	112.06
IVE	1601576638	ask	112.09
IVE	1601576817	price	112.18
IVE	1601576817	bid	112.18
IVE	1601576817	ask	112.19
IVE	1601576820	price	112.17
IVE	1601576820	bid	112.17
IVE	1601576844	price	112.2
IVE	1601576844	bid	112.19
IVE	1601576844	ask	112.21
IVE	1601576848	price	112.22
IVE	1601576848	ask	112.22
IVE	1601576848	price	112.217
IVE	1601576853	price	112.24
IVE	1601576853	bid	112.22
IVE	1601576853	ask	112.24
IVE	1601576898	price	112.3
IVE	1601576898	bid	112.3
IVE	1601576898	ask	112.32
IVE	1601576898	ask	112.31
IVE	1601576898	ask	112.32
IVE	1601576918	price	112.29
IVE	1601576918	bid	112.29
IVE	1601576918	ask	112.31
IVE	1601576941	price	112.32
IVE	1601576941	bid	112.33
IVE	1601576941	ask	112.35
IVE	1601576949	price	112.35
IVE	1601576949	bid	112.32
IVE	1601576949	ask	112.36
IVE	1601576955	price	112.34
IVE	1601576955	ask	112.34
IVE	1601576959	price	112.335
IVE	1601576959	ask	112.35
IVE	1601576993	price	112.345
IVE	1601576993	bid	112.33
IVE	1601576993	ask	112.36
IVE	1601577040	price	112.3775
IVE	1601577040	bid	112.35
IVE	1601577040	ask	112.38
IVE	1601577142	price	112.4
IVE	1601577142	bid	112.39
IVE	1601577142	ask	112.41
IVE	1601577174	price	112.3919
IVE	1601577174	ask	112.42
IVE	1601577228	price	112.4
IVE	1601577242	price	112.42
IVE	1601577242	ask	112.41
IVE	1601577248	price	112.39
IVE	1601577248	ask	112.42
IVE	1601577248	price	112.405
IVE	1601577274	price	112.42
IVE	1601577274	bid	112.42
IVE	1601577274	ask	112.44
IVE	1601577274	ask	112.45
IVE	1601577285	price	112.41
IVE	1601577285	bid	112.4
IVE	1601577285	ask	112.41
IVE	1601577341	price	112.38
IVE	1601577341	bid	112.36
IVE	1601577341	ask	112.38
IVE	1601577348	price	112.394
IVE	1601577348	bid	112.38
IVE	1601577348	ask	112.4
IVE	1601577406	price	112.479
IVE	1601577406	bid	112.45
IVE	1601577406	ask	112.47
IVE	1601577442	price	112.46
IVE	1601577442	bid	112.46
IVE	1601577442	ask	112.48
IVE	1601577547	price	112.45
IVE	1601577547	bid	112.44
IVE	1601577547	ask	112.45
IVE	1601577561	price	112.4383
IVE	1601577561	bid	112.43
IVE	1601577574	price	112.44
IVE	1601577574	bid	112.42
IVE	1601577574	ask	112.44
IVE	1601577583	price	112.445
IVE	1601577583	bid	112.43
IVE	1601577583	ask	112.46
IVE	1601577584	price	112.446
IVE	1601577584	bid	112.44
IVE	1601577602	price	112.46
IVE	1601577602	bid	112.46
IVE	1601577602	ask	112.47
IVE	1601577641	price	112.4248
IVE	1601577641	bid	112.42
IVE	1601577641	ask	112.45
IVE	1601577660	price	112.435
IVE	1601577703	price	112.39
IVE	1601577703	bid	112.39
IVE	1601577703	ask	112.4
IVE	1601577704	bid	112.37
IVE	1601577704	ask	112.39
IVE	1601577704	price	112.3821
IVE	1601577704	bid	112.36
IVE	1601577789	price	112.4484
IVE	1601577789	bid	112.44
IVE	1601577789	ask	112.46
IVE	1601577805	price	112.47
IVE	1601577805	bid	112.47
IVE	1601577805	ask	112.48
IVE	1601577812	price	112.48
IVE	1601577812	bid	112.49
IVE	1601577812	ask	112.51
IVE	1601577816	price	112.5
IVE	1601577816	bid	112.48
IVE	1601577816	ask	112.5
IVE	1601577870	price	112.4503
IVE	1601577870	bid	112.45
IVE	1601577870	ask	112.48
IVE	1601577879	price	112.5
IVE	1601577879	bid	112.5
IVE	1601577879	ask	112.52
IVE	1601578045	price	112.42
IVE	1601578045	bid	112.41
IVE	1601578045	ask	112.43
IVE	1601578107	price	112.4463
IVE	1601578107	bid	112.43
IVE	1601578107	ask	112.45
IVE	1601578193	price	112.43
IVE	1601578222	price	112.39
IVE	1601578222	bid	112.39
IVE	1601578222	ask	112.41
IVE	1601578225	price	112.41
IVE	1601578225	bid	112.41
IVE	1601578225	ask	112.42
IVE	1601578262	price	112.5
IVE	1601578262	bid	112.49
IVE	1601578262	ask	112.51
IVE	1601578285	price	112.4989
IVE	1601578285	price	112.5037
IVE	1601578285	bid	112.48
IVE	1601578286	price	112.4977
IVE	1601578286	bid	112.49
IVE	1601578286	price	112.5019
IVE	1601578287	price	112.5084
IVE	1601578287	ask	112.52
IVE	1601578288	price	112.5079
IVE	1601578290	price	112.5023
IVE	1601578290	ask	112.51
IVE	1601578290	price	112.4979
IVE	1601578291	price	112.4915
IVE	1601578291	price	112.508
IVE	1601578291	price	112.5022
IVE	1601578291	price	112.502
IVE	1601578292	price	112.5098
IVE	1601578294	price	112.5
IVE	1601578294	bid	112.5
IVE	1601578294	ask	112.52
IVE	1601578298	price	112.5219
IVE	1601578298	bid	112.51
IVE	1601578298	ask	112.54
IVE	1601578299	price	112.5323
IVE	1601578299	bid	112.52
IVE	1601578299	ask	112.55
IVE	1601578302	price	112.5884
IVE	1601578302	bid	112.57
IVE	1601578302	ask	112.6
IVE	1601578304	price	112.59
IVE	1601578304	ask	112.59
IVE	1601578304	price	112.5898
IVE	1601578304	price	112.59
IVE	1601578305	price	112.58
IVE	1601578305	bid	112.56
IVE	1601578305	ask	112.58
IVE	1601578307	price	112.55
IVE	1601578307	bid	112.55
IVE	1601578307	ask	112.57
IVE	1601578309	price	112.5662
IVE	1601578309	ask	112.58
IVE	1601578309	price	112.58
IVE	1601578320	price	112.56
IVE	1601578320	bid	112.56
IVE	1601578320	ask	112.57
IVE	1601578321	bid	112.54
IVE	1601578321	ask	112.56
IVE	1601578324	price	112.5499
IVE	1601578324	bid	112.53
IVE	1601578324	ask	112.55
IVE	1601578399	price	112.51
IVE	1601578399	bid	112.49
IVE	1601578399	ask	112.51
IVE	1601578434	price	112.518
IVE	1601578434	bid	112.5
IVE	1601578434	ask	112.52
IVE	1601578441	price	112.52
IVE	1601578443	price	112.53
IVE	1601578449	price	112.52
IVE	1601578452	price	112.53
IVE	1601578454	ask	112.53
IVE	1601578458	bid	112.51
IVE	1601578460	price	112.52
IVE	1601578460	bid	112.5
IVE	1601578460	ask	112.52
IVE	1601578463	ask	112.53
IVE	1601578463	price	112.53
IVE	1601578556	price	112.4803
IVE	1601578556	bid	112.48
IVE	1601578556	ask	112.51
IVE	1601578566	price	112.51
IVE	1601578566	bid	112.51
IVE	1601578566	ask	112.54
IVE	1601578620	price	112.5295
IVE	1601578620	bid	112.5
IVE	1601578620	ask	112.53
IVE	1601578722	price	112.47
IVE	1601578722	bid	112.47
IVE	1601578722	ask	112.5
IVE	1601578736	price	112.4756
IVE	1601578756	price	112.485
IVE	1601578859	price	112.53
IVE	1601578859	bid	112.49
IVE	1601578859	ask	112.53
IVE	1601578866	price	112.505
IVE	1601578866	ask	112.52
IVE	1601578888	price	112.52
IVE	1601578888	bid	112.5
IVE	1601578900	price	112.5
IVE	1601578900	ask	112.53
IVE	1601578901	price	112.4927
IVE	1601578901	bid	112.49
IVE	1601578901	ask	112.51
IVE	1601578919	price	112.5217
IVE	1601578919	bid	112.52
IVE	1601578919	ask	112.54
IVE	1601578937	price	112.59
IVE	1601578937	bid	112.55
IVE	1601578937	ask	112.59
IVE	1601578937	bid	112.56
IVE	1601578937	bid	112.59
IVE	1601578937	bid	112.6
IVE	1601578937	ask	112.6
IVE	1601578937	price	112.6
IVE	1601578937	price	112.59
IVE	1601578937	bid	112.59
IVE	1601578938	bid	112.6
IVE	1601578938	price	112.6
IVE	1601578938	price	112.62
IVE	1601578938	ask	112.65
IVE	1601578947	price	112.61
IVE	1601578947	ask	112.61
IVE	1601578947	price	112.6
IVE	1601578948	price	112.61
IVE	1601578948	ask	112.63
IVE	1601578981	price	112.5993
IVE	1601578981	bid	112.59
IVE	1601578981	ask	112.61
IVE	1601579044	price	112.575
IVE	1601579044	bid	112.56
IVE	1601579044	ask	112.59
IVE	1601579116	price	112.58
IVE	1601579116	bid	112.57
IVE	1601579116	ask	112.58
IVE	1601579163	price	112.51
IVE	1601579163	bid	112.51
IVE	1601579163	ask	112.52
IVE	1601579170	price	112.49
IVE	1601579170	bid	112.48
IVE	1601579170	ask	112.51
IVE	1601579268	price	112.5
IVE	1601579268	bid	112.5
IVE	1601579268	ask	112.52
IVE	1601579271	price	112.49
IVE	1601579271	bid	112.49
IVE	1601579271	ask	112.51
IVE	1601579305	price	112.515
IVE	1601579305	bid	112.5
IVE	1601579305	ask	112.53
IVE	1601579315	price	112.5119
IVE	1601579315	bid	112.49
IVE	1601579315	ask	112.52
IVE	1601579366	price	112.48
IVE	1601579366	bid	112.47
IVE	1601579366	ask	112.49
IVE	1601579595	price	112.59
IVE	1601579595	bid	112.57
IVE	1601579595	ask	112.59
IVE	1601579597	price	112.57
IVE	1601579613	price	112.56
IVE	1601579613	bid	112.56
IVE	1601579613	ask	112.58
IVE	1601579662	price	112.5152
IVE	1601579662	bid	112.5
IVE	1601579662	ask	112.52
IVE	1601579700	price	112.5
IVE	1601579737	price	112.45
IVE	1601579737	bid	112.45
IVE	1601579737	ask	112.47
IVE	1601579742	price	112.44
IVE	1601579742	bid	112.43
IVE	1601579742	ask	112.45
IVE	1601579815	price	112.42
IVE	1601579815	bid	112.4
IVE	1601579815	ask	112.42
IVE	1601579818	price	112.41
IVE	1601579818	bid	112.41
IVE	1601579820	bid	112.4
IVE	1601579820	price	112.415
IVE	1601579820	bid	112.41
IVE	1601579820	price	112.41
IVE	1601579820	bid	112.4
IVE	1601579820	ask	112.41
IVE	1601579874	price	112.38
IVE	1601579874	bid	112.37
IVE	1601579874	ask	112.39
IVE	1601579889	price	112.372
IVE	1601579889	ask	112.4
IVE	1601579902	price	112.38
IVE	1601579902	ask	112.39
IVE	1601579905	ask	112.38
IVE	1601579920	price	112.37
IVE	1601579920	ask	112.39
IVE	1601579921	bid	112.36
IVE	1601579921	ask	112.38
IVE	1601579982	price	112.4
IVE	1601579982	bid	112.39
IVE	1601579982	ask	112.4
IVE	1601580003	price	112.37
IVE	1601580003	bid	112.34
IVE	1601580003	ask	112.37
IVE	1601580013	price	112.35
IVE	1601580013	bid	112.33
IVE	1601580013	ask	112.35
IVE	1601580041	price	112.315
IVE	1601580041	bid	112.3
IVE	1601580041	ask	112.32
IVE	1601580070	price	112.33
IVE	1601580070	bid	112.32
IVE	1601580070	ask	112.33
IVE	1601580076	price	112.335
IVE	1601580076	bid	112.33
IVE	1601580076	ask	112.34
IVE	1601580076	price	112.34
IVE	1601580076	ask	112.35
IVE	1601580100	price	112.3
IVE	1601580100	bid	112.29
IVE	1601580100	ask	112.3
IVE	1601580131	price	112.23
IVE	1601580131	bid	112.22
IVE	1601580131	ask	112.24
IVE	1601580141	price	112.22
IVE	1601580141	bid	112.21
IVE	1601580141	ask	112.23
IVE	1601580172	price	112.2005
IVE	1601580172	bid	112.2
IVE	1601580172	price	112.2
IVE	1601580172	ask	112.21
IVE	1601580199	price	112.2184
IVE	1601580199	bid	112.19
IVE	1601580199	ask	112.22
IVE	1601580230	price	112.2141
IVE	1601580230	bid	112.21
IVE	1601580230	ask	112.23
IVE	1601580243	price	112.25
IVE	1601580243	bid	112.24
IVE	1601580243	ask	112.25
IVE	1601580251	price	112.27
IVE	1601580251	bid	112.25
IVE	1601580251	ask	112.27
IVE	1601580261	price	112.2497
IVE	1601580261	bid	112.24
IVE	1601580266	price	112.2505
IVE	1601580266	bid	112.25
IVE	1601580272	price	112.281
IVE	1601580272	bid	112.26
IVE	1601580272	ask	112.29
IVE	1601580278	price	112.25
IVE	1601580278	bid	112.25
IVE	1601580278	ask	112.27
IVE	1601580359	price	112.21
IVE	1601580359	bid	112.19
IVE	1601580359	ask	112.21
IVE	1601580423	price	112.2
IVE	1601580423	bid	112.18
IVE	1601580423	ask	112.2
IVE	1601580428	bid	112.2
IVE	1601580428	ask	112.22
IVE	1601580455	price	112.22
IVE	1601580455	bid	112.21
IVE	1601580455	ask	112.23
IVE	1601580549	price	112.2303
IVE	1601580549	bid	112.23
IVE	1601580549	ask	112.24
IVE	1601580560	price	112.22
IVE	1601580560	bid	112.22
IVE	1601580601	price	112.2
IVE	1601580601	bid	112.19
IVE	1601580601	ask	112.21
IVE	1601580607	price	112.23
IVE	1601580607	bid	112.23
IVE	1601580607	ask	112.24
IVE	1601580661	price	112.25
IVE	1601580661	ask	112.25
IVE	1601580688	price	112.28
IVE	1601580688	bid	112.28
IVE	1601580688	ask	112.29
IVE	1601580795	price	112.245
IVE	1601580795	bid	112.24
IVE	1601580795	ask	112.25
IVE	1601580801	price	112.24
IVE	1601580801	ask	112.26
IVE	1601580812	price	112.26
IVE	1601580812	bid	112.25
IVE	1601580833	price	112.272
IVE	1601580833	bid	112.27
IVE	1601580833	ask	112.29
IVE	1601580836	price	112.282
IVE	1601580836	bid	112.28
IVE	1601580836	ask	112.3
IVE	1601580848	price	112.295
IVE	1601580848	bid	112.29
IVE	1601580886	price	112.3103
IVE	1601580886	bid	112.31
IVE	1601580886	ask	112.33
IVE	1601580892	price	112.3269
IVE	1601580911	price	112.3
IVE	1601580911	bid	112.28
IVE	1601580911	ask	112.3
IVE	1601580921	price	112.32
IVE	1601580921	bid	112.31
IVE	1601580921	ask	112.33
IVE	1601580933	price	112.3
IVE	1601580933	bid	112.3
IVE	1601580933	ask	112.31
IVE	1601580939	price	112.29
IVE	1601580939	bid	112.28
IVE	1601580939	ask	112.3
IVE	1601580954	price	112.32
IVE	1601580954	bid	112.3
IVE	1601580954	ask	112.32
IVE	1601580956	bid	112.31
IVE	1601580956	ask	112.33
IVE	1601580956	ask	112.32
IVE	1601580957	bid	112.32
IVE	1601580957	ask	112.33
IVE	1601580957	price	112.33
IVE	1601580957	price	112.32
IVE	1601580957	bid	112.31
IVE	1601580957	ask	112.32
IVE	1601580958	bid	112.32
IVE	1601580958	ask	112.33
IVE	1601580958	bid	112.31
IVE	1601580958	ask	112.32
IVE	1601580959	bid	112.32
IVE	1601580959	ask	112.33
IVE	1601580959	price	112.33
IVE	1601580960	price	112.32
IVE	1601580960	bid	112.3
IVE	1601580960	ask	112.32
IVE	1601580961	bid	112.31
IVE	1601580962	price	112.31
IVE	1601580962	bid	112.3
IVE	1601580962	ask	112.31
IVE	1601580963	bid	112.29
IVE	1601580971	bid	112.3
IVE	1601580977	price	112.32
IVE	1601580977	bid	112.31
IVE	1601580977	ask	112.32
IVE	1601580979	price	112.3306
IVE	1601580979	bid	112.33
IVE	1601580979	ask	112.35
IVE	1601581008	price	112.35
IVE	1601581008	bid	112.35
IVE	1601581008	ask	112.37
IVE	1601581014	bid	112.33
IVE	1601581014	ask	112.35
IVE	1601581031	price	112.41
IVE	1601581031	bid	112.4
IVE	1601581031	ask	112.41
IVE	1601581041	price	112.4
IVE	1601581041	bid	112.39
IVE	1601581041	ask	112.4
IVE	1601581125	price	112.23
IVE	1601581125	bid	112.22
IVE	1601581125	ask	112.24
IVE	1601581141	price	112.267
IVE	1601581141	bid	112.26
IVE	1601581141	ask	112.27
IVE	1601581176	price	112.31
IVE	1601581176	bid	112.3
IVE	1601581176	ask	112.31
IVE	1601581182	price	112.32
IVE	1601581182	bid	112.32
IVE	1601581182	ask	112.34
IVE	1601581193	price	112.34
IVE	1601581193	bid	112.33
IVE	1601581200	ask	112.35
IVE	1601581211	bid	112.32
IVE	1601581211	ask	112.34
IVE	1601581240	price	112.37
IVE	1601581240	bid	112.36
IVE	1601581240	ask	112.37
IVE	1601581250	price	112.32
IVE	1601581250	bid	112.3
IVE	1601581250	ask	112.33
IVE	1601581257	price	112.272
IVE	1601581257	bid	112.26
IVE	1601581257	ask	112.28
IVE	1601581261	price	112.25
IVE	1601581261	bid	112.24
IVE	1601581261	ask	112.25
IVE	1601581278	price	112.24
IVE	1601581278	bid	112.23
IVE	1601581278	ask	112.24
IVE	1601581300	price	112.26
IVE	1601581300	bid	112.25
IVE	1601581300	ask	112.26
IVE	1601581319	price	112.28
IVE	1601581319	bid	112.27
IVE	1601581319	ask	112.28
IVE	1601581320	price	112.29
IVE	1601581320	bid	112.28
IVE	1601581320	ask	112.3
IVE	1601581334	price	112.26
IVE	1601581334	bid	112.25
IVE	1601581334	ask	112.26
IVE	1601581345	bid	112.26
IVE	1601581345	ask	112.27
IVE	1601581345	bid	112.25
IVE	1601581345	price	112.25
IVE	1601581373	price	112.27
IVE	1601581373	bid	112.27
IVE	1601581373	ask	112.29
IVE	1601581374	price	112.28
IVE	1601581374	ask	112.28
IVE	1601581394	price	112.27
IVE	1601581394	bid	112.26
IVE	1601581394	ask	112.27
IVE	1601581406	price	112.26
IVE	1601581406	bid	112.25
IVE	1601581406	ask	112.26
IVE	1601581412	price	112.25
IVE	1601581412	bid	112.24
IVE	1601581427	price	112.27
IVE	1601581427	bid	112.26
IVE	1601581427	ask	112.28
IVE	1601581451	price	112.26
IVE	1601581451	bid	112.25
IVE	1601581451	ask	112.26
IVE	1601581473	price	112.23
IVE	1601581473	bid	112.22
IVE	1601581473	ask	112.23
IVE	1601581477	price	112.21
IVE	1601581477	bid	112.2
IVE	1601581477	ask	112.21
IVE	1601581503	price	112.24
IVE	1601581503	bid	112.23
IVE	1601581503	ask	112.24
IVE	1601581506	price	112.25
IVE	1601581506	bid	112.24
IVE	1601581506	ask	112.26
IVE	1601581508	price	112.27
IVE	1601581508	bid	112.26
IVE	1601581508	ask	112.27
IVE	1601581509	price	112.26
IVE	1601581509	bid	112.25
IVE	1601581515	price	112.21
IVE	1601581515	bid	112.2
IVE	1601581515	ask	112.22
IVE	1601581521	price	112.19
IVE	1601581521	bid	112.19
IVE	1601581521	ask	112.2
IVE	1601581521	price	112.2
IVE	1601581521	ask	112.21
IVE	1601581522	price	112.21
IVE	1601581522	bid	112.2
IVE	1601581522	ask	112.22
IVE	1601581522	price	112.2
IVE	1601581522	bid	112.19
IVE	1601581522	ask	112.2
IVE	1601581530	price	112.21
IVE	1601581530	bid	112.2
IVE	1601581530	ask	112.21
IVE	1601581530	price	112.205
IVE	1601581531	price	112.21
IVE	1601581534	price	112.2
IVE	1601581534	bid	112.19
IVE	1601581534	ask	112.2
IVE	1601581539	price	112.21
IVE	1601581539	bid	112.2
IVE	1601581539	ask	112.21
IVE	1601581562	price	112.19
IVE	1601581562	bid	112.19
IVE	1601581576	price	112.18
IVE	1601581576	bid	112.18
IVE	1601581576	ask	112.19
IVE	1601581587	price	112.19
IVE	1601581587	bid	112.19
IVE	1601581587	ask	112.21
IVE	1601581615	price	112.2
IVE	1601581615	bid	112.2
IVE	1601581615	ask	112.22
IVE	1601581622	price	112.22
IVE	1601581622	bid	112.22
IVE	1601581622	ask	112.24
IVE	1601581622	price	112.24
IVE	1601581622	bid	112.23
IVE	1601581622	ask	112.26
IVE	1601581638	price	112.26
IVE	1601581638	bid	112.25
IVE	1601581638	ask	112.28
IVE	1601581646	price	112.27
IVE	1601581646	bid	112.26
IVE	1601581646	ask	112.27
IVE	1601581662	price	112.2541
IVE	1601581662	bid	112.25
IVE	1601581663	price	112.25
IVE	1601581663	ask	112.26
IVE	1601581664	price	112.26
IVE	1601581664	bid	112.26
IVE	1601581664	ask	112.27
IVE	1601581665	price	112.27
IVE	1601581673	price	112.25
IVE	1601581673	bid	112.25
IVE	1601581673	ask	112.26
IVE	1601581674	price	112.2481
IVE	1601581674	bid	112.24
IVE	1601581683	price	112.25
IVE	1601581683	bid	112.25
IVE	1601581687	price	112.26
IVE	1601581687	bid	112.26
IVE	1601581687	ask	112.27
IVE	1601581698	price	112.24
IVE	1601581698	bid	112.24
IVE	1601581698	ask	112.26
IVE	1601581699	price	112.25
IVE	1601581700	price	112.26
IVE	1601581707	price	112.27
IVE	1601581707	bid	112.27
IVE	1601581707	ask	112.29
IVE	1601581722	price	112.2681
IVE	1601581722	bid	112.26
IVE	1601581722	ask	112.28
IVE	1601581723	price	112.28
IVE	1601581723	bid	112.28
IVE	1601581723	ask	112.29
IVE	1601581723	price	112.29
IVE	1601581723	bid	112.29
IVE	1601581723	ask	112.3
IVE	1601581727	price	112.3
IVE	1601581727	bid	112.3
IVE	1601581727	ask	112.32
IVE	1601581735	price	112.32
IVE	1601581770	price	112.2411
IVE	1601581770	bid	112.24
IVE	1601581770	ask	112.27
IVE	1601581800	price	112.28
IVE	1601581800	bid	112.27
IVE	1601581800	ask	112.28
IVE	1601581800	price	112.3
IVE	1601581800	price	112.31
IVE	1601581800	ask	112.3
IVE	1601581800	price	112.3
IVE	1601581800	price	112.31
IVE	1601581800	bid	112.3
IVE	1601581800	ask	112.31
IVE	1601581800	price	112.32
IVE	1601581800	price	112.28
IVE	1601581800	bid	112.32
IVE	1601581800	ask	112.57
IVE	1601581832	price	112.42
IVE	1601581832	bid	112.42
IVE	1601581832	ask	112.44
IVE	1601581836	price	112.45
IVE	1601581836	bid	112.45
IVE	1601581836	ask	112.47
IVE	1601581853	price	112.44
IVE	1601581853	bid	112.44
IVE	1601581854	ask	112.46
IVE	1601581859	price	112.43
IVE	1601581859	bid	112.43
IVE	1601581859	ask	112.45
IVE	1601581860	price	112.41
IVE	1601581860	bid	112.41
IVE	1601581860	ask	112.43
IVE	1601581860	price	112.43
IVE	1601581860	price	112.41
IVE	1601581862	price	112.4194
IVE	1601581862	bid	112.4
IVE	1601581862	ask	112.42
IVE	1601581863	price	112.42
IVE	1601581863	bid	112.41
IVE	1601581863	ask	112.43
IVE	1601581878	price	112.41
IVE	1601581899	price	112.39
IVE	1601581899	bid	112.39
IVE	1601581899	ask	112.41
IVE	1601581902	price	112.4
IVE	1601581902	bid	112.4
IVE	1601581902	ask	112.42
IVE	1601581902	price	112.41
IVE	1601581908	price	112.4
IVE	1601581908	ask	112.41
IVE	1601581914	bid	112.39
IVE	1601581918	price	112.39
IVE	1601581921	price	112.4
IVE	1601581921	bid	112.4
IVE	1601581935	price	112.37
IVE	1601581935	bid	112.37
IVE	1601581935	ask	112.38
IVE	1601581937	price	112.38
IVE	1601581937	bid	112.38
IVE	1601581937	ask	112.4
IVE	1601581947	price	112.3932
IVE	1601581947	bid	112.39
IVE	1601581947	ask	112.41
IVE	1601581949	price	112.3994
IVE	1601581955	price	112.39
IVE	1601581955	ask	112.4
IVE	1601581974	price	112.41
IVE	1601581974	bid	112.41
IVE	1601581974	ask	112.43
IVE	1601581983	price	112.39
IVE	1601581983	bid	112.39
IVE	1601581983	ask	112.41
IVE	1601581999	bid	112.4
IVE	1601582000	bid	112.39
IVE	1601582012	price	112.4
IVE	1601582012	bid	112.4
IVE	1601582012	ask	112.42
IVE	1601582026	price	112.3937
IVE	1601582026	bid	112.38
IVE	1601582026	ask	112.4
IVE	1601582069	price	112.4042
IVE	1601582069	bid	112.4
IVE	1601582069	ask	112.41
IVE	1601582079	price	112.42
IVE	1601582079	bid	112.41
IVE	1601582079	ask	112.43
IVE	1601582087	bid	112.42
IVE	1601582093	bid	112.41
IVE	1601582093	ask	112.42
IVE	1601582094	price	112.41
IVE	1601582101	price	112.42
IVE	1601582101	bid	112.42
IVE	1601582101	ask	112.43
IVE	1601582108	price	112.41
IVE	1601582108	bid	112.41
IVE	1601582108	ask	112.42
IVE	1601582108	bid	112.4
IVE	1601582108	ask	112.41
IVE	1601582109	price	112.4
IVE	1601582109	bid	112.39
IVE	1601582109	ask	112.4
IVE	1601582115	bid	112.4
IVE	1601582115	ask	112.41
IVE	1601582120	bid	112.39
IVE	1601582120	ask	112.4
IVE	1601582120	price	112.39
IVE	1601582120	bid	112.38
IVE	1601582120	ask	112.39
IVE	1601582120	price	112.38
IVE	1601582126	price	112.39
IVE	1601582126	bid	112.39
IVE	1601582126	ask	112.4
IVE	1601582128	price	112.4
IVE	1601582129	bid	112.4
IVE	1601582129	ask	112.41
IVE	1601582131	price	112.41
IVE	1601582131	bid	112.41
IVE	1601582131	ask	112.42
IVE	1601582133	bid	112.4
IVE	1601582137	price	112.42
IVE	1601582137	bid	112.42
IVE	1601582137	ask	112.43
IVE	1601582140	price	112.43
IVE	1601582140	price	112.42
IVE	1601582142	price	112.44
IVE	1601582142	bid	112.44
IVE	1601582142	ask	112.46
IVE	1601582152	price	112.45
IVE	1601582152	bid	112.45
IVE	1601582152	price	112.44
IVE	1601582162	bid	112.44
IVE	1601582169	price	112.46
IVE	1601582169	bid	112.45
IVE	1601582169	price	112.45
IVE	1601582176	price	112.47
IVE	1601582176	bid	112.47
IVE	1601582176	ask	112.48
IVE	1601582185	price	112.48
IVE	1601582185	bid	112.48
IVE	1601582185	ask	112.5
IVE	1601582188	price	112.49
IVE	1601582188	ask	112.49
IVE	1601582190	price	112.48
IVE	1601582190	price	112.49
IVE	1601582190	ask	112.5
IVE	1601582190	price	112.48
IVE	1601582191	price	112.5
IVE	1601582191	bid	112.5
IVE	1601582191	ask	112.52
IVE	1601582197	price	112.52
IVE	1601582197	bid	112.52
IVE	1601582197	ask	112.53
IVE	1601582199	bid	112.51
IVE	1601582199	ask	112.52
IVE	1601582202	price	112.51
IVE	1601582203	price	112.52
IVE	1601582203	bid	112.52
IVE	1601582203	ask	112.53
IVE	1601582205	bid	112.51
IVE	1601582205	ask	112.52
IVE	1601582206	price	112.515
IVE	1601582208	price	112.52
IVE	1601582208	bid	112.52
IVE	1601582208	ask	112.53
IVE	1601582215	price	112.53
IVE	1601582215	ask	112.54
IVE	1601582227	price	112.49
IVE	1601582227	bid	112.49
IVE	1601582227	ask	112.51
IVE	1601582228	price	112.5
IVE	1601582228	bid	112.5
IVE	1601582228	ask	112.52
IVE	1601582228	price	112.51
IVE	1601582236	ask	112.53
IVE	1601582236	price	112.5
IVE	1601582236	ask	112.52
IVE	1601582236	ask	112.51
IVE	1601582244	price	112.51
IVE	1601582244	bid	112.51
IVE	1601582244	ask	112.53
IVE	1601582247	price	112.54
IVE	1601582247	ask	112.54
IVE	1601582254	price	112.52
IVE	1601582254	bid	112.52
IVE	1601582263	price	112.53
IVE	1601582263	ask	112.55
IVE	1601582271	price	112.51
IVE	1601582271	bid	112.51
IVE	1601582271	ask	112.52
IVE	1601582272	ask	112.53
IVE	1601582282	price	112.54
IVE	1601582282	bid	112.52
IVE	1601582282	ask	112.54
IVE	1601582282	price	112.53
IVE	1601582282	bid	112.53
IVE	1601582282	ask	112.55
IVE	1601582282	bid	112.54
IVE	1601582282	ask	112.56
IVE	1601582286	bid	112.52
IVE	1601582286	ask	112.54
IVE	1601582286	price	112.52
IVE	1601582286	price	112.53
IVE	1601582286	price	112.52
IVE	1601582288	ask	112.53
IVE	1601582290	price	112.53
IVE	1601582290	bid	112.53
IVE	1601582290	ask	112.54
IVE	1601582292	price	112.5557
IVE	1601582292	ask	112.56
IVE	1601582294	price	112.54
IVE	1601582294	ask	112.55
IVE	1601582297	price	112.52
IVE	1601582297	bid	112.52
IVE	1601582297	ask	112.54
IVE	1601582298	ask	112.53
IVE	1601582302	price	112.51
IVE	1601582302	bid	112.51
IVE	1601582307	price	112.529
IVE	1601582307	bid	112.52
IVE	1601582310	price	112.53
IVE	1601582313	price	112.52
IVE	1601582313	ask	112.54
IVE	1601582316	price	112.53
IVE	1601582322	price	112.54
IVE	1601582322	bid	112.53
IVE	1601582322	price	112.53
IVE	1601582325	price	112.55
IVE	1601582325	bid	112.54
IVE	1601582325	ask	112.56
IVE	1601582326	price	112.56
IVE	1601582326	bid	112.56
IVE	1601582326	ask	112.57
IVE	1601582326	bid	112.54
IVE	1601582326	ask	112.56
IVE	1601582330	price	112.55
IVE	1601582330	bid	112.55
IVE	1601582330	ask	112.57
IVE	1601582331	price	112.57
IVE	1601582331	bid	112.57
IVE	1601582331	ask	112.58
IVE	1601582331	bid	112.56
IVE	1601582331	ask	112.57
IVE	1601582334	price	112.58
IVE	1601582334	ask	112.58
IVE	1601582340	price	112.57
IVE	1601582340	bid	112.57
IVE	1601582340	ask	112.6
IVE	1601582340	ask	112.59
IVE	1601582340	price	112.59
IVE	1601582340	bid	112.58
IVE	1601582340	ask	112.6
IVE	1601582340	price	112.58
IVE	1601582340	ask	112.59
IVE	1601582341	price	112.59
IVE	1601582341	price	112.58
IVE	1601582341	bid	112.57
IVE	1601582341	price	112.59
IVE	1601582341	price	112.57
IVE	1601582341	bid	112.56
IVE	1601582341	ask	112.58
IVE	1601582342	price	112.56
IVE	1601582343	price	112.57
IVE	1601582343	price	112.56
IVE	1601582344	ask	112.57
IVE	1601582344	price	112.57
IVE	1601582344	bid	112.57
IVE	1601582344	ask	112.58
IVE	1601582345	price	112.58
IVE	1601582345	bid	112.58
IVE	1601582345	ask	112.59
IVE	1601582345	bid	112.57
IVE	1601582345	ask	112.58
IVE	1601582345	bid	112.58
IVE	1601582345	ask	112.59
IVE	1601582346	price	112.59
IVE	1601582346	bid	112.59
IVE	1601582346	ask	112.6
IVE	1601582346	bid	112.58
IVE	1601582346	ask	112.59
IVE	1601582347	price	112.58
IVE	1601582347	ask	112.6
IVE	1601582348	ask	112.59
IVE	1601582348	price	112.59
IVE	1601582348	bid	112.59
IVE	1601582348	ask	112.6
IVE	1601582349	price	112.58
IVE	1601582349	bid	112.58
IVE	1601582350	price	112.59
IVE	1601582350	price	112.58
IVE	1601582351	price	112.59
IVE	1601582351	bid	112.6
IVE	1601582351	ask	112.61
IVE	1601582351	price	112.6
IVE	1601582351	price	112.59
IVE	1601582351	price	112.6
IVE	1601582353	price	112.61
IVE	1601582353	ask	112.63
IVE	1601582353	price	112.6
IVE	1601582353	ask	112.62
IVE	1601582354	price	112.61
IVE	1601582354	bid	112.61
IVE	1601582354	ask	112.63
IVE	1601582356	price	112.6
IVE	1601582356	bid	112.6
IVE	1601582362	price	112.57
IVE	1601582362	bid	112.58
IVE	1601582362	ask	112.6
IVE	1601582362	price	112.58
IVE	1601582362	bid	112.57
IVE	1601582362	ask	112.59
IVE	1601582362	ask	112.58
IVE	1601582362	bid	112.58
IVE	1601582362	ask	112.59
IVE	1601582363	price	112.57
IVE	1601582363	bid	112.57
IVE	1601582363	ask	112.58
IVE	1601582364	bid	112.56
IVE	1601582364	ask	112.57
IVE	1601582364	price	112.56
IVE	1601582364	price	112.57
IVE	1601582365	bid	112.57
IVE	1601582366	price	112.56
IVE	1601582366	bid	112.56
IVE	1601582366	price	112.57
IVE	1601582366	bid	112.57
IVE	1601582366	ask	112.58
IVE	1601582367	bid	112.56
IVE	1601582367	ask	112.57
IVE	1601582368	bid	112.57
IVE	1601582368	ask	112.58
IVE	1601582369	ask	112.57
IVE	1601582369	ask	112.58
IVE	1601582370	price	112.58
IVE	1601582370	bid	112.58
IVE	1601582370	ask	112.59
IVE	1601582370	price	112.59
IVE	1601582370	bid	112.59
IVE	1601582370	ask	112.61
IVE	1601582372	price	112.6
IVE	1601582372	bid	112.6
IVE	1601582374	bid	112.59
IVE	1601582375	price	112.59
IVE	1601582375	price	112.6
IVE	1601582375	bid	112.6
IVE	1601582380	price	112.61
IVE	1601582380	bid	112.61
IVE	1601582380	ask	112.62
IVE	1601582380	bid	112.6
IVE	1601582380	price	112.6
IVE	1601582380	ask	112.61
IVE	1601582380	price	112.61
IVE	1601582380	bid	112.61
IVE	1601582380	ask	112.62
IVE	1601582386	price	112.6
IVE	1601582386	bid	112.6
IVE	1601582388	bid	112.59
IVE	1601582388	ask	112.61
IVE	1601582390	price	112.61
IVE	1601582390	bid	112.61
IVE	1601582390	ask	112.62
IVE	1601582390	price	112.6
IVE	1601582390	bid	112.59
IVE	1601582390	ask	112.61
IVE	1601582390	price	112.61
IVE	1601582390	bid	112.61
IVE	1601582390	ask	112.62
IVE	1601582390	price	112.6
IVE	1601582390	bid	112.6
IVE	1601582392	price	112.61
IVE	1601582392	bid	112.61
IVE	1601582392	bid	112.6
IVE	1601582392	ask	112.61
IVE	1601582393	price	112.6
IVE	1601582393	ask	112.62
IVE	1601582393	price	112.61
IVE	1601582393	price	112.62
IVE	1601582395	price	112.61
IVE	1601582399	price	112.59
IVE	1601582399	bid	112.59
IVE	1601582400	price	112.57
IVE	1601582400	bid	112.55
IVE	1601582400	ask	112.64
IVE	1601583000	bid	112.28
IVE	1601583000	ask	112.97
IVE	1601591400	bid	112.18
IVE	1601591400	ask	112.94
IVE	1601595749	price	112.75
IVE	1601595749	bid	112.08
IVE	1601595749	ask	112.75
IVE	1601596800	price	112.57
